%Beach characteristics derived from lidar surveys, compiled by USGS PCMSC on 20210120_1527
%iso_lon    %iso_lat    %sl_lon    %sl_lat    %dom_runup    %slope    %95_up  %95_low    %dhigh    %dlow    %esi    %runup_usefrac    %month    %year
   235.839     46.7946    235.89630     46.79133     0      0.00815      0.02365      0.00000         6.13         3.34 3A 1.00     4  2016
   235.840     46.7899    235.89542     46.78526     0      0.00757      0.02535      0.00000         2.36         2.24 3A 1.00     4  2016
   235.842     46.7852    235.89467     46.78109     0      0.01680      0.03390      0.00000         3.81         3.61 3A 1.00     4  2016
   235.842     46.7805    235.89345     46.77663     0      0.01186      0.02243      0.00129         1.83         1.00 3A 1.00     4  2016
   235.842     46.7756    235.89211     46.77398     0      0.01510      0.01753      0.01267         3.27         1.31 3A 1.00     4  2016
   235.841     46.7708    235.89077     46.77117     0      0.00898      0.02406      0.00000         3.70         3.30 3A 1.00     4  2016
   235.841     46.7660    235.89011     46.76834     0      0.00473      0.01995      0.00000         3.70         3.26 3A 1.00     4  2016
   235.841     46.7611    235.88999     46.76559     0      0.02762      0.03355      0.02168         3.64         1.32 3A 1.00     4  2016
   235.840     46.7562    235.89075     46.76288     0      0.02980      0.05718      0.00242         2.25         1.29 3A 1.00     4  2016
   235.840     46.7513    235.89167     46.76029     0      0.01017      0.05910      0.00000         4.23         3.40 3A 1.00     4  2016
   235.841     46.7465    235.89292     46.75846     0      0.00165      0.00401      0.00000         3.48         2.99 3A 1.00     4  2016
   235.842     46.7417    235.89415     46.75660     0      0.00241      0.00925      0.00000         2.92         2.61 3A 1.00     4  2016
   235.842     46.7368    235.89608     46.75363     0      0.00073      0.00329      0.00000         3.76         3.05 3A 1.00     4  2016
   235.842     46.7319    235.89781     46.75101     0      0.00157      0.00445      0.00000         3.83         3.15 3A 1.00     4  2016
   235.841     46.7271    235.89928     46.74876     0      0.00323      0.00415      0.00231         3.76         3.30 3A 1.00     4  2016
   235.839     46.7225    235.90130     46.74681     0      0.00761      0.01941      0.00000         3.52         2.98 3A 1.00     4  2016
   235.837     46.7180    235.90488     46.74522     0      0.01086      0.01678      0.00493         4.95         3.67 3A 1.00     4  2016
   235.826     46.6820    235.92849     46.65111     0      0.01599      0.03547      0.00000         4.57         3.34 3A 1.00     4  2016
   235.826     46.6772    235.92691     46.64209     0      0.01717      0.02127      0.01308         3.93         2.70 3A 1.00     4  2016
   235.829     46.6728    235.92679     46.64028     0      0.01704      0.02030      0.01377         5.27         4.52 3A 1.00     4  2016
   235.830     46.6682    235.92720     46.63578     0      0.02386      0.02776      0.01997         6.80         4.71 3A 1.00     4  2016
   235.831     46.6634    235.92795     46.63129     0      0.02865      0.03851      0.01880         4.78         3.07 3A 1.00     4  2016
   235.839     46.6305    235.92812     46.62680     0      0.02427      0.02861      0.01993         3.22         2.50 3A 1.00     4  2016
   235.842     46.6263    235.92838     46.62413     0      0.02633      0.02974      0.02292         5.17         3.06 3A 1.00     4  2016
   235.844     46.6219    235.92872     46.62144     0      0.02736      0.03465      0.02006         4.86         2.98 3A 1.00     4  2016
   235.846     46.6175    235.92875     46.61875     0      0.02520      0.02963      0.02077         7.35         4.95 3A 1.00     4  2016
   235.848     46.6132    235.92919     46.61607     0      0.02863      0.03576      0.02151         7.81         5.02 3A 1.00     4  2016
   235.851     46.6088    235.92953     46.61338     0      0.02484      0.03065      0.01903         5.52         3.03 3A 0.99     4  2016
   235.852     46.6043    235.93006     46.60891     0      0.02505      0.03097      0.01913         5.69         3.00 3A 1.00     4  2016
   235.855     46.6000    235.93085     46.60445     0      0.03007      0.03441      0.02572         5.70         3.15 3A 1.00     4  2016
   235.857     46.5958    235.93136     46.59996     0      0.02797      0.04487      0.01107         6.20         0.99 3A 1.00     4  2016
   235.860     46.5916    235.93178     46.59638     0      0.02661      0.02975      0.02347         5.65         3.30 3A 1.00     4  2016
   235.862     46.5873    235.93249     46.59192     0      0.02848      0.03328      0.02368         7.51         3.07 3A 1.00     4  2016
   235.864     46.5829    235.93269     46.58743     0      0.02262      0.02752      0.01773         5.92         3.05 3A 1.00     4  2016
   235.866     46.5786    235.93360     46.58208     0      0.02855      0.03204      0.02505         5.48         3.55 3A 1.00     4  2016
   235.869     46.5742    235.93438     46.57761     0      0.03203      0.04982      0.01424         6.04         3.21 3A 1.00     4  2016
   235.870     46.5695    235.93456     46.57312     0      0.02553      0.03712      0.01393         5.87         3.23 3A 1.00     4  2016
   235.871     46.5649    235.93523     46.56864     0      0.02952      0.03946      0.01958         5.98         3.62 3A 1.00     4  2016
   235.873     46.5602    235.93576     46.56330     0      0.02675      0.03453      0.01898         5.12         3.43 3A 1.00     4  2016
   235.874     46.5554    235.93621     46.55791     0      0.02558      0.03528      0.01589         6.01         3.47 3A 1.00     4  2016
   235.875     46.5506    235.93672     46.55344     0      0.02682      0.03099      0.02264         5.23         3.33 3A 1.00     4  2016
   235.875     46.5458    235.93689     46.54809     0      0.01968      0.02490      0.01446         4.12         3.14 3A 1.00     4  2016
   235.876     46.5410    235.93732     46.54362     0      0.02557      0.03382      0.01731         6.75         3.64 3A 1.00     4  2016
   235.876     46.5361    235.93786     46.53736     0      0.02399      0.03232      0.01566         5.09         3.03 3A 1.00     4  2016
   235.876     46.5312    235.93800     46.53286     0      0.02628      0.03154      0.02102         4.73         3.31 3A 1.00     4  2016
   235.876     46.5263    235.93832     46.52756     0      0.02617      0.03364      0.01869         4.94         3.46 3A 1.00     4  2016
   235.877     46.5215    235.93838     46.52310     0      0.02446      0.03217      0.01675         5.94         3.56 3A 1.00     4  2016
   235.878     46.5167    235.93880     46.51772     0      0.02907      0.03580      0.02234         8.52         5.27 3A 1.00     4  2016
   235.879     46.5119    235.93869     46.51323     0      0.02588      0.03151      0.02025         5.07         3.73 3A 1.00     4  2016
   235.879     46.5071    235.93898     46.50789     0      0.02624      0.03274      0.01974         4.92         3.43 3A 1.00     4  2016
   235.879     46.5022    235.93904     46.50255     0      0.02313      0.03523      0.01102         4.79         3.78 3A 1.00     4  2016
   235.879     46.4973    235.93930     46.49809     0      0.02980      0.04923      0.01037         4.93         4.32 3A 1.00     4  2016
   235.880     46.4926    235.93963     46.49269     0      0.01805      0.02768      0.00841         7.71         3.87 3A 1.00     4  2016
   235.882     46.4882    235.93949     46.48821     0      0.02461      0.03164      0.01759         5.08         4.61 3A 1.00     4  2016
   235.883     46.4834    235.93949     46.48374     0      0.03105      0.04334      0.01876         4.59         3.54 3A 1.00     4  2016
   235.884     46.4787    235.93943     46.47835     0      0.02595      0.03485      0.01706         5.25         2.67 3A 1.00     4  2016
   235.886     46.4740    235.93954     46.47388     0      0.02848      0.03954      0.01741         5.02         3.68 3A 1.00     4  2016
   235.887     46.4692    235.93957     46.46946     0      0.02904      0.04357      0.01451         5.35         3.32 3A 1.00     4  2016
   235.887     46.4644    235.93949     46.46411     0      0.02284      0.03365      0.01203         4.55         3.36 3A 1.00     4  2016
   235.887     46.4595    235.93960     46.45872     0      0.03204      0.03954      0.02454         4.71         3.52 3A 1.00     4  2016
   235.886     46.4547    235.93939     46.45425     0      0.02867      0.04572      0.01161         6.32         3.66 3A 1.00     4  2016
   235.886     46.4498    235.93937     46.44888     0      0.02886      0.03546      0.02226         6.46         3.61 3A 1.00     4  2016
   235.886     46.4449    235.93907     46.44446     0      0.02574      0.03981      0.01167         5.35         3.08 3A 1.00     4  2016
   235.886     46.4400    235.93904     46.43909     0      0.02830      0.04233      0.01427         5.63         3.64 3A 1.00     4  2016
   235.885     46.4351    235.93875     46.43381     0      0.02248      0.02921      0.01576         5.20         3.72 3A 1.00     4  2016
   235.885     46.4302    235.93881     46.42934     0      0.03395      0.04128      0.02661         6.41         3.38 3A 1.00     4  2016
   235.885     46.4254    235.93835     46.42496     0      0.02535      0.03002      0.02067         4.86         3.84 3A 1.00     4  2016
   235.886     46.4205    235.93844     46.41958     0      0.03151      0.03451      0.02850         5.09         3.22 3A 1.00     4  2016
   235.885     46.4157    235.93792     46.41425     0      0.02616      0.03236      0.01996         6.35         2.97 3A 1.00     4  2016
   235.885     46.4108    235.93800     46.40978     0      0.03677      0.04311      0.03043         5.06         3.52 3A 1.00     4  2016
   235.886     46.4060    235.93755     46.40443     0      0.02464      0.03496      0.01431         5.43         3.75 3A 1.00     4  2016
   235.886     46.4011    235.93733     46.39996     0      0.02441      0.03509      0.01372         6.97         3.40 3A 1.00     4  2016
   235.886     46.3962    235.93710     46.39460     0      0.02305      0.02982      0.01628         6.41         4.17 3A 1.00     4  2016
   235.886     46.3913    235.93676     46.39013     0      0.02285      0.03114      0.01456         4.96         3.82 3A 1.00     4  2016
   235.886     46.3865    235.93634     46.38477     0      0.02889      0.03437      0.02341         7.10         3.69 3A 1.00     4  2016
   235.886     46.3816    235.93575     46.37948     0      0.02035      0.02754      0.01316         4.93         3.75 3A 1.00     4  2016
   235.885     46.3768    235.93544     46.37500     0      0.02324      0.03175      0.01473         4.95         3.99 3A 1.00     4  2016
   235.884     46.3720    235.93533     46.37053     0      0.02630      0.03361      0.01899         5.39         3.98 3A 1.00     4  2016
   235.883     46.3673    235.93508     46.36610     0      0.02530      0.02891      0.02169         6.84         2.96 3A 1.00     4  2016
   235.882     46.3626    235.93493     46.36075     0      0.02270      0.03719      0.00821         5.86         3.73 3A 1.00     4  2016
   235.881     46.3578    235.93429     46.35540     0      0.02037      0.02977      0.01097         4.23         3.64 3A 1.00     4  2016
   235.880     46.3530    235.93417     46.35094     0      0.01719      0.01919      0.01518         7.99         4.12 3A 1.00     4  2016
   235.879     46.3481    235.93335     46.34566     0      0.02032      0.02767      0.01298         5.48         3.90 3A 1.00     4  2016
   235.879     46.3433    235.93274     46.34032     0      0.03129      0.04116      0.02143         5.73         3.16 3A 1.00     4  2016
   235.878     46.3386    235.93232     46.33495     0      0.03352      0.04872      0.01832         6.29         3.17 3A 1.00     4  2016
   235.876     46.3342    235.93195     46.33046     0      0.02537      0.03343      0.01731         3.54         3.34 3A 1.00     4  2016
   235.876     46.3293    235.93112     46.32515     0      0.02297      0.04909      0.00000         3.83         3.55 3A 1.00     4  2016
   235.875     46.3245    235.92985     46.31712     0      0.04688      0.05531      0.03845         6.08         3.44 3A 1.00     4  2016
   235.875     46.3197    235.92831     46.31094     0      0.02521      0.04042      0.01000         4.74         3.05 3A 1.00     4  2016
   235.873     46.3151    235.92724     46.30744     0      0.03300      0.04200      0.02401         6.64         4.90 3A 1.00     4  2016
   235.871     46.3105    235.92569     46.30316     0      0.03943      0.10620      0.00000        17.72         3.02 6D 1.00     4  2016
   235.869     46.3061    235.92277     46.30048     2      2.18721          NaN          NaN        10.21        -0.00 1A 0.65     4  2016
   235.867     46.3019    235.92204     46.29747     0      0.03576      0.03899      0.03254        29.37         4.34 1A 1.00     4  2016
   235.864     46.2981    235.92361     46.29464     0      0.03182      0.05702      0.00663         4.86         4.28 3A 1.00     4  2016
   235.862     46.2937    235.92300     46.29198     0      0.03283      0.04793      0.01774         4.12         3.06 3A 1.00     4  2016
   235.860     46.2891    235.92281     46.28931     0      0.03663      0.05568      0.01758         4.41         1.24 3A 1.00     4  2016
   235.858     46.2847    235.92257     46.28662     0      0.03542      0.04775      0.02309         1.61         1.20 3A 1.00     4  2016
   235.856     46.2804    235.92271     46.28391     0      0.05500      0.09223      0.01777         4.61         1.20 3A 1.00     4  2016
   235.854     46.2760    235.92307     46.28124     0      0.09509      0.22875      0.00000         2.39         2.09 3A 0.85     4  2016
   235.851     46.2716    235.92300     46.27678     0      0.05853      0.15633      0.00000         4.16         1.05 3A 1.00     4  2016
   235.848     46.2678    235.92319     46.27250     0      0.03819      0.06437      0.01201         5.85         3.88 3A 1.00     4  2016
   235.879     46.2132    235.98273     46.22786     0      0.10447      0.27343      0.00000         2.44         2.51 6B 0.93     4  2016
   235.883     46.2118    235.98591     46.22623     0      0.05089      0.07077      0.03101         5.12         1.42 6B 0.92     4  2016
   235.888     46.2100    235.98987     46.22422     0      0.02252      0.04899      0.00000        10.69         2.19 6B 0.99     4  2016
   235.892     46.2075    235.99055     46.22185     0      0.03168      0.03929      0.02408         3.27         3.14 3A 1.00     4  2016
   235.896     46.2044    235.99187     46.21929     0      0.03733      0.04882      0.02585        11.86         3.77 3A 1.00     4  2016
   235.899     46.2008    235.99347     46.21683     0      0.04338      0.05379      0.03297        11.05         3.73 3A 1.00     4  2016
   235.903     46.1978    235.99619     46.21274     0      0.04302      0.04926      0.03677        12.54         3.76 3A 1.00     4  2016
   235.911     46.1925    235.99678     46.21194     0      0.04345      0.05042      0.03648        12.76         3.58 3A 1.00     4  2016
   235.915     46.1899    235.99795     46.21033     0      0.04093      0.04559      0.03627        12.94         3.43 3A 1.00     4  2016
   235.919     46.1873    235.99965     46.20790     0      0.03811      0.04132      0.03491        11.88         3.27 3A 1.00     4  2016
   235.924     46.1850    236.00143     46.20550     0      0.04844      0.06127      0.03561        11.93         3.63 3A 1.00     4  2016
   235.928     46.1825    236.00319     46.20310     0      0.04657      0.05213      0.04101        10.83         3.42 3A 1.00     4  2016
   235.932     46.1797    236.00477     46.20063     0      0.03738      0.04435      0.03041        11.96         3.25 3A 1.00     4  2016
   235.936     46.1766    236.00639     46.19818     0      0.03688      0.04780      0.02596        10.80         3.23 3A 1.00     4  2016
   235.940     46.1735    236.00806     46.19574     0      0.03694      0.04828      0.02560         9.96         3.36 3A 0.99     4  2016
   235.943     46.1706    236.01078     46.19166     0      0.03469      0.03861      0.03076         9.52         3.28 3A 0.99     4  2016
   235.948     46.1679    236.01349     46.18757     0      0.03705      0.04375      0.03035        11.17         3.32 3A 0.99     4  2016
   235.952     46.1656    236.01537     46.18422     0      0.03137      0.03380      0.02894        11.75         3.39 3A 1.00     4  2016
   235.955     46.1623    236.01742     46.18091     0      0.03868      0.05558      0.02177        12.51         3.57 3A 1.00     4  2016
   235.959     46.1586    236.02054     46.17597     0      0.03635      0.04297      0.02973        12.57         3.29 3A 0.99     4  2016
   235.962     46.1551    236.02279     46.17175     0      0.03453      0.03990      0.02915        14.71         3.36 3A 0.99     4  2016
   235.965     46.1516    236.02518     46.16757     0      0.04168      0.04642      0.03693        13.67         3.75 3A 1.00     4  2016
   235.969     46.1479    236.02771     46.16342     0      0.04437      0.05207      0.03667        13.42         3.15 3A 1.00     4  2016
   235.972     46.1443    236.02966     46.15913     0      0.03539      0.04011      0.03066        12.91         3.71 3A 1.00     4  2016
   235.975     46.1409    236.03199     46.15494     0      0.04423      0.04791      0.04054        13.28         3.53 3A 0.99     4  2016
   235.979     46.1374    236.03410     46.15069     0      0.04293      0.04713      0.03873        13.61         3.65 3A 1.00     4  2016
   235.982     46.1337    236.03642     46.14648     0      0.04838      0.05708      0.03967         6.13         3.37 3A 0.99     4  2016
   235.985     46.1299    236.03811     46.14214     0      0.03258      0.03599      0.02917        13.84         3.64 3A 1.00     4  2016
   235.988     46.1261    236.04044     46.13793     0      0.04598      0.05235      0.03961         9.38         3.59 3A 1.00     4  2016
   235.991     46.1221    236.04215     46.13359     0      0.03691      0.04669      0.02713        13.06         3.99 3A 1.00     4  2016
   235.994     46.1183    236.04412     46.12931     0      0.03617      0.03866      0.03368        12.91         3.65 3A 1.00     4  2016
   235.997     46.1144    236.04639     46.12415     0      0.03645      0.03915      0.03375         5.68         3.63 3A 1.00     4  2016
   235.999     46.1101    236.04813     46.11981     0      0.03457      0.03846      0.03069        11.43         3.81 3A 1.00     4  2016
   236.001     46.1057    236.05017     46.11554     0      0.03634      0.03988      0.03279        12.42         3.54 3A 1.00     4  2016
   236.004     46.1013    236.05231     46.11035     0      0.04588      0.06429      0.02748         6.98         3.90 3A 1.00     4  2016
   236.006     46.0970    236.05380     46.10597     0      0.03348      0.04431      0.02265        11.67         3.58 3A 1.00     4  2016
   236.008     46.0927    236.05542     46.10069     0      0.02716      0.02943      0.02489         6.96         4.08 3A 1.00     4  2016
   236.010     46.0882    236.05750     46.09550     0      0.03490      0.03902      0.03078         6.47         3.73 3A 1.00     4  2016
   236.012     46.0840    236.05881     46.09112     0      0.03525      0.04148      0.02901        12.06         3.52 3A 1.00     4  2016
   236.015     46.0796    236.06034     46.08583     0      0.03643      0.04209      0.03078        12.09         3.85 3A 1.00     4  2016
   236.016     46.0750    236.06203     46.08057     0      0.04683      0.06629      0.02737        10.79         3.76 3A 1.00     4  2016
   236.018     46.0705    236.06304     46.07523     0      0.03839      0.04448      0.03229        11.02         4.13 3A 1.00     4  2016
   236.020     46.0660    236.06413     46.07081     0      0.03637      0.04076      0.03198        10.58         3.44 3A 1.00     4  2016
   236.022     46.0614    236.06520     46.06548     0      0.04418      0.04686      0.04151        12.20         3.97 3A 1.00     4  2016
   236.023     46.0567    236.06591     46.06011     0      0.03426      0.03870      0.02982        12.46         3.75 3A 1.00     4  2016
   236.024     46.0518    236.06715     46.05477     0      0.04452      0.04931      0.03973        12.62         3.79 3A 1.00     4  2016
   236.024     46.0470    236.06786     46.04941     0      0.03205      0.04617      0.01793        11.12         3.77 3A 1.00     4  2016
   236.024     46.0421    236.06812     46.04403     0      0.03384      0.04658      0.02109        11.57         4.07 3A 1.00     4  2016
   236.024     46.0372    236.06889     46.03867     0      0.03536      0.03867      0.03205        11.72         3.53 3A 1.00     4  2016
   236.023     46.0323    236.06913     46.03418     0      0.03582      0.04754      0.02410        11.71         3.91 3A 1.00     4  2016
   236.023     46.0275    236.06926     46.03058     0      0.02199      0.02924      0.01473         7.99         4.02 3A 1.00     4  2016
   236.023     46.0226    236.06949     46.02342     0      0.04633      0.05554      0.03712        10.15         3.79 3A 1.00     4  2016
   236.022     46.0177    236.07113     46.00711     0      0.02145      0.07650      0.00000         3.06         2.67 3A 1.00     4  2016
   236.022     46.0129    236.06773     45.99764     0      0.02435      0.03366      0.01504         6.28         1.29 3A 1.00     4  2016
   236.021     46.0081    236.06568     45.98877     0      0.02405      0.02981      0.01828         5.45         3.68 3A 1.00     4  2016
   236.020     46.0033    236.06349     45.98082     0      0.04088      0.04650      0.03526         4.96         2.51 6A 1.00     4  2016
   236.019     45.9986    236.05957     45.97571     0      0.08991      0.21341      0.00000         5.48         0.96 6A 1.00     4  2016
   236.017     45.9940    236.05056     45.97553     0      0.13974      0.16832      0.11116        26.55         5.64 6A 1.00     4  2016
   236.014     45.9898    236.04202     45.97398     0      0.13685      0.24424      0.02946        26.13         4.86 6A 1.00     4  2016
   236.012     45.9855    236.03451     45.97063     0      0.13116      0.14353      0.11879        15.39         6.27 6A 1.00     4  2016
   236.010     45.9811    236.02774     45.96675     0      0.13005      0.17215      0.08796        29.53         7.13 6D 1.00     4  2016
   236.008     45.9768    236.02640     45.96333     0      0.13516      0.18215      0.08818        20.10         5.34 6D 1.00     4  2016
   236.005     45.9724    236.02641     45.96016     0      0.14812      0.19401      0.10223        26.12         2.19 1A 1.00     4  2016
   236.004     45.9678    236.02549     45.95579     0      0.15303      0.15577      0.15028        29.23         3.42 1A 1.00     4  2016
   236.002     45.9632    236.02242     45.95413     0      0.14855      0.15845      0.13864        24.47         4.64 1A 1.00     4  2016
   236.001     45.9586    236.01694     45.95193     0      0.16325      0.16532      0.16118        22.97         4.91 1A 0.94     4  2016
   236.000     45.9538    236.01161     45.94830     0      0.14164      0.18839      0.09490         8.86         3.90 1A 1.00     4  2016
   235.998     45.9492    236.00702     45.94668     2      1.78812          NaN          NaN        23.52         0.00 1A 0.65     4  2016
   235.997     45.9445    236.00866     45.94360     0      0.15757      0.21658      0.09856        20.87         6.21 1A 1.00     4  2016
   235.996     45.9398    236.00908     45.94185     0      0.15485      0.16711      0.14260         8.67         6.81 1A 1.00     4  2016
   235.997     45.9351    236.00774     45.93830     0      0.12024      0.12716      0.11332        28.94         3.88 6D 1.00     4  2016
   235.998     45.9303    236.01259     45.93569     0      0.12695      0.22509      0.02882        18.49         3.72 1A 1.00     4  2016
   235.999     45.9257    236.01743     45.93175     0      0.10299      0.12130      0.08469        49.83         2.44 1A 1.00     4  2016
   236.001     45.9210    236.02107     45.93008     0      0.05360      0.10899      0.00000         9.27         3.19 6A 1.00     4  2016
   236.002     45.9162    236.02258     45.92393     0      0.09714      0.17953      0.01476        18.11         3.47 1A 1.00     4  2016
   236.003     45.9115    236.02394     45.91729     0      0.10543      0.19515      0.01571         6.76         3.66 1A 1.00     4  2016
   236.004     45.9068    236.02973     45.91303     0      0.03489      0.05068      0.01911        14.52         3.99  5 1.00     4  2016
   236.006     45.9023    236.03142     45.90800     2      0.74013          NaN          NaN        20.12         0.00 1A 0.63     4  2016
   236.008     45.8978    236.03364     45.90323     0      0.04047      0.04572      0.03521         8.39         3.77 3A 1.00     4  2016
   236.010     45.8932    236.03509     45.89359     0      0.04371      0.05172      0.03571         8.62         3.01 3A 1.00     4  2016
   236.011     45.8886    236.03463     45.88820     0      0.03397      0.04366      0.02428         4.86         3.09 3A 1.00     4  2016
   236.012     45.8838    236.03482     45.88285     0      0.02293      0.03035      0.01550         5.96         3.07 3A 0.99     4  2016
   236.013     45.8790    236.03616     45.87938     0      0.03078      0.04324      0.01832         7.95         3.28 3A 1.00     4  2016
   236.013     45.8741    236.03651     45.87490     0      0.02264      0.03031      0.01496         3.03         2.59 3A 1.00     4  2016
   236.014     45.8692    236.03713     45.86952     0      0.03139      0.03380      0.02898         6.50         3.52 3A 1.00     4  2016
   236.013     45.8645    236.03701     45.86503     0      0.03264      0.03883      0.02645         7.38         4.96 3A 1.00     4  2016
   236.011     45.8599    236.03628     45.86056     0      0.03031      0.03658      0.02404        15.55         3.52 3A 1.00     4  2016
   236.012     45.8551    236.03610     45.85528     0      0.05362      0.11174      0.00000        18.19         3.62 6A 1.00     4  2016
   236.013     45.8502    236.03733     45.85087     0      0.04597      0.06306      0.02887        17.96         2.92 6A 1.00     4  2016
   236.013     45.8454    236.03825     45.84558     0      0.02762      0.03789      0.01736        11.42         3.35 6A 1.00     4  2016
   236.014     45.8405    236.03813     45.84110     0      0.02578      0.03020      0.02136        17.39         3.38 6A 1.00     4  2016
   236.013     45.8356    236.03848     45.83571     0      0.04717      0.08888      0.00546        23.26         2.84 6A 0.99     4  2016
   236.013     45.8308    236.03765     45.83070     2      3.43220          NaN          NaN        18.40        -0.00 1A 0.64     4  2016
   236.011     45.8262    236.03718     45.82580     2      1.06087          NaN          NaN         9.13        -0.00 1A 0.64     4  2016
   236.010     45.8215    236.03687     45.81949     0      0.05823      0.10324      0.01323         7.90         4.79 1B 1.00     4  2016
   236.010     45.8166    236.03605     45.81323     0      0.06036      0.07654      0.04418        13.23         1.58 6A 1.00     4  2016
   236.010     45.8117    236.03483     45.80883     0      0.05545      0.07591      0.03499         5.93         2.48 6A 1.00     4  2016
   236.010     45.8069    236.03345     45.80539     0      0.03915      0.05967      0.01863         6.26         2.76 6A 1.00     4  2016
   236.010     45.8020    236.03131     45.80165     2      1.05652          NaN          NaN        15.16         0.00 1A 0.65     4  2016
   236.009     45.7972    236.03214     45.79637     0      0.07397      0.24095      0.00000        14.16         3.24 6A 1.00     4  2016
   236.008     45.7925    236.03166     45.78648     0      0.08477      0.10196      0.06757         5.06         2.04 6A 1.00     4  2016
   236.007     45.7877    236.03000     45.77978     0      0.15570      0.19167      0.11973        18.38         4.62 3B 1.00     4  2016
   236.005     45.7831    236.02589     45.77509     0      0.14176      0.20881      0.07472        31.10         6.55 1A 1.00     4  2016
   236.004     45.7784    236.02138     45.77186     0      0.12647      0.21659      0.03634        29.48         6.44 1A 1.00     4  2016
   236.004     45.7735    236.01932     45.76890     2      1.15316          NaN          NaN        12.05         0.00 1A 0.66     4  2016
   236.005     45.7688    236.01691     45.76543     0      0.12708      0.20625      0.04792         5.52         1.01 1A 1.00     4  2016
   236.007     45.7644    236.02036     45.76482     0      0.13432      0.20196      0.06667        15.03         1.88 1A 0.98     4  2016
   236.010     45.7603    236.01926     45.76145     2      2.23234          NaN          NaN        21.21        -0.00 1A 0.65     4  2016
   236.011     45.7557    236.02469     45.76270     0      0.04878      0.14597      0.00000        29.00         5.96 2A 1.00     4  2016
   236.015     45.7528    236.03088     45.76282     0      0.02863      0.04500      0.01226        13.22         2.87 6A 1.00     4  2016
   236.018     45.7498    236.03468     45.75924     0      0.03436      0.07677      0.00000        10.77         3.22 6A 0.99     4  2016
   236.020     45.7453    236.03191     45.75202     1      0.27133      0.36354      0.17912         6.52         0.00 1A 0.82     4  2016
   236.022     45.7408    236.03394     45.74767     2      2.34776          NaN          NaN        12.87         0.00 1A 0.65     4  2016
   236.025     45.7368    236.03873     45.74342     0      0.13917      0.29617      0.00000        30.16         1.33 1A 0.70     4  2016
   236.028     45.7330    236.04361     45.74060     1      0.29429      0.32763      0.26095        29.97         8.69 6A 0.69     4  2016
   236.031     45.7291    236.05116     45.73576     1      0.22659      0.27806      0.17512        23.34         6.26 6A 0.68     4  2016
   236.033     45.7248    236.05497     45.73026     0      0.03158      0.04275      0.02042         6.83         3.40 6A 1.00     4  2016
   236.035     45.7202    236.05604     45.72397     0      0.03103      0.03532      0.02673         9.59         5.73 6A 1.00     4  2016
   236.036     45.7155    236.05723     45.71777     0      0.02881      0.03867      0.01895         8.03         6.48 6A 1.00     4  2016
   236.037     45.7107    236.05806     45.71150     0      0.04931      0.07512      0.02349         8.08         3.63 6A 1.00     4  2016
   236.037     45.7058    236.05840     45.70702     0      0.02989      0.06295      0.00000         5.90         2.88 6A 1.00     4  2016
   236.038     45.7010    236.05863     45.70165     0      0.04239      0.05104      0.03373        12.78         4.06 6A 1.00     4  2016
   236.038     45.6961    236.05868     45.69626     0      0.03389      0.04756      0.02023        12.53         4.98 6A 1.00     4  2016
   236.039     45.6912    236.05908     45.69177     0      0.04407      0.06858      0.01956        12.96         5.68 6A 1.00     4  2016
   236.039     45.6864    236.05939     45.68639     0      0.04949      0.05569      0.04330        13.23         3.65 6A 1.00     4  2016
   236.039     45.6815    236.05957     45.68099     0      0.07642      0.18162      0.00000        12.10         6.43 6A 1.00     4  2016
   236.039     45.6766    236.05900     45.67652     0      0.03447      0.05610      0.01285        10.93         2.81 6A 1.00     4  2016
   236.038     45.6717    236.05916     45.67294     0      0.06155      0.11256      0.01054         3.33         1.05 6A 1.00     4  2016
   236.038     45.6669    236.05866     45.66759     0      0.05220      0.06483      0.03957         5.13         3.13 6A 1.00     4  2016
   236.037     45.6620    236.05813     45.66312     0      0.05257      0.11737      0.00000        11.25         4.56 6A 1.00     4  2016
   236.037     45.6572    236.05834     45.65787     0      0.05168      0.07876      0.02461         3.41         1.05 6A 1.00     4  2016
   236.037     45.6523    236.05754     45.65068     0      0.07205      0.13574      0.00835         5.15         0.97 3A 1.00     4  2016
   236.037     45.6474    236.05747     45.64532     0      0.06466      0.14323      0.00000         6.95         3.34 3A 1.00     4  2016
   236.036     45.6425    236.05711     45.64086     0      0.04069      0.05331      0.02808         7.94         3.44 3A 1.00     4  2016
   236.036     45.6376    236.05684     45.63725     0      0.02970      0.06627      0.00000         4.06         3.47 3A 1.00     4  2016
   236.036     45.6328    236.05610     45.63104     0      0.06410      0.17693      0.00000         7.31         3.76 3A 1.00     4  2016
   236.035     45.6279    236.05554     45.62659     0      0.08163      0.19210      0.00000         5.70         3.99 6B 1.00     4  2016
   236.035     45.6231    236.05486     45.62126     0      0.08507      0.16851      0.00162         6.32         3.54 6B 1.00     4  2016
   236.033     45.6184    236.05351     45.61686     0      0.02722      0.03350      0.02093         7.03         3.41 6B 1.00     4  2016
   236.032     45.6138    236.05335     45.61145     0      0.05561      0.15497      0.00000         6.27         3.50  5 1.00     4  2016
   236.031     45.6090    236.05245     45.60701     0      0.03348      0.05881      0.00814         2.58         1.01  5 1.00     4  2016
   236.030     45.6041    236.05115     45.60169     0      0.07297      0.21867      0.00000         5.74         2.38 3A 0.94     4  2016
   236.029     45.5993    236.04935     45.59744     0      0.03449      0.05676      0.01223         6.34         3.82 3A 1.00     4  2016
   236.029     45.5944    236.04908     45.59209     0      0.01118      0.03015      0.00000         4.34         1.83 3A 1.00     4  2016
   236.028     45.5896    236.04783     45.58677     0      0.05601      0.14670      0.00000         4.17         1.12 3A 1.00     4  2016
   236.026     45.5851    236.04772     45.58588     0      0.11156      0.17995      0.04317         3.83         3.44 6B 0.99     4  2016
   236.024     45.5807    236.04689     45.58325     0      0.05639      0.09344      0.01934         5.36         1.31 3A 1.00     4  2016
   236.022     45.5763    236.04543     45.57889     0      0.04937      0.11613      0.00000         3.75         3.02 3A 1.00     4  2016
   236.020     45.5719    236.04422     45.57451     0      0.07087      0.16944      0.00000         4.88         3.09 3A 1.00     4  2016
   236.019     45.5672    236.04776     45.56431     0      0.04692      0.14711      0.00000         5.31         3.27 3A 1.00     4  2016
   236.018     45.5624    236.04842     45.55987     0      0.06055      0.10968      0.01141         5.97         3.90 3A 1.00     4  2016
   236.017     45.5577    236.04831     45.55629     0      0.04098      0.05102      0.03094         6.50         3.42 3A 1.00     4  2016
   236.016     45.5530    236.04858     45.55181     0      0.04508      0.09119      0.00000         5.06         2.59 3A 1.00     4  2016
   236.016     45.5481    236.04804     45.54733     0      0.02890      0.03721      0.02059         6.60         3.37 3A 1.00     4  2016
   236.016     45.5433    236.04772     45.54195     0      0.03031      0.03697      0.02366         4.99         3.45 3A 1.00     4  2016
   236.017     45.5385    236.04739     45.53658     0      0.04799      0.08131      0.01467         3.82         3.25 3A 1.00     4  2016
   236.018     45.5337    236.04674     45.53211     0      0.03972      0.04905      0.03038         6.25         3.45 3A 1.00     4  2016
   236.018     45.5288    236.04593     45.52676     0      0.04495      0.05969      0.03021         9.71         3.90 3A 1.00     4  2016
   236.017     45.5240    236.04481     45.51963     0      0.05011      0.06811      0.03210         8.39         3.99 3A 1.00     4  2016
   236.016     45.5192    236.04330     45.51252     0      0.04596      0.07801      0.01392         9.30         3.63 3A 1.00     4  2016
   236.015     45.5145    236.04132     45.50642     0      0.05558      0.13281      0.00000         5.57         3.34  5 1.00     4  2016
   236.014     45.5097    236.03886     45.50038     0      0.04412      0.04814      0.04010         4.75         3.16 6A 1.00     4  2016
   236.012     45.5050    236.03538     45.49485     0      0.13616      0.24763      0.02469        11.63         2.54 3B 1.00     4  2016
   236.012     45.5002    236.02881     45.49311     0      0.14029      0.17897      0.10161        38.02         1.70 1A 0.96     4  2016
   236.011     45.4954    236.02582     45.49095     0      0.13522      0.18211      0.08833        30.82         1.85 1A 0.98     4  2016
   236.009     45.4909    236.02587     45.48845     2      6.52722          NaN          NaN        64.45        -0.00 1A 0.65     4  2016
   236.007     45.4865    236.02362     45.48502     0      0.06750      0.07171      0.06328        16.67         0.96 1A 0.74     4  2016
   236.004     45.4822    236.02758     45.48213     0      0.11136      0.12595      0.09677        22.55         2.17 1A 1.00     4  2016
   236.002     45.4780    236.03018     45.47897     0      0.13947      0.22170      0.05724        25.68         5.06 6D 1.00     4  2016
   235.999     45.4737    236.02997     45.47538     0      0.10497      0.19357      0.01637        21.96         5.53 6A 1.00     4  2016
   235.998     45.4692    236.02950     45.47218     0      0.09654      0.18429      0.00880        22.29         3.82 6A 1.00     4  2016
   236.002     45.4556    236.02919     45.46054     0      0.06932      0.11289      0.02576         7.14         2.60 6A 1.00     4  2016
   236.005     45.4519    236.03064     45.45804     0      0.04631      0.06373      0.02890        17.00         3.46 6A 1.00     4  2016
   236.008     45.4476    236.03165     45.45638     0      0.05884      0.11962      0.00000        12.43         3.04 6A 1.00     4  2016
   236.010     45.4431    236.03374     45.45214     0      0.10750      0.15833      0.05667        29.32         4.75 3A 1.00     4  2016
   236.012     45.4387    236.03573     45.44588     0      0.03612      0.05027      0.02197         7.41         5.49 3A 1.00     4  2016
   236.014     45.4342    236.03978     45.43108     0      0.03466      0.04776      0.02157         6.14         3.09 3A 0.99     4  2016
   236.014     45.4294    236.03860     45.42586     0      0.04632      0.06914      0.02351         6.11         3.85 3A 1.00     4  2016
   236.015     45.4245    236.03797     45.41959     0      0.03974      0.04638      0.03311        10.94         3.45 3A 1.00     4  2016
   236.014     45.4196    236.03768     45.41690     0      0.04217      0.05679      0.02754         8.32         3.69 3A 1.00     4  2016
   236.014     45.4147    236.03766     45.41329     0      0.05573      0.06502      0.04643         8.72         3.35 3A 0.99     4  2016
   236.014     45.4099    236.03692     45.40882     0      0.03742      0.04285      0.03199        20.68         3.70 3B 1.00     4  2016
   236.014     45.4050    236.03651     45.40344     0      0.04686      0.05826      0.03546        18.31         3.89 3B 1.00     4  2016
   236.013     45.4002    236.03594     45.39900     0      0.04606      0.05675      0.03536         7.23         3.41 3B 1.00     4  2016
   236.012     45.3955    236.03517     45.39364     0      0.04132      0.04532      0.03733         7.20         3.72 3A 1.00     4  2016
   236.011     45.3907    236.03429     45.38829     0      0.04244      0.05032      0.03457         8.74         3.64 3A 1.00     4  2016
   236.010     45.3858    236.03371     45.38382     0      0.05538      0.07633      0.03443         8.42         3.50 3A 1.00     4  2016
   236.009     45.3813    236.03263     45.37850     0      0.06132      0.07863      0.04401         9.43         2.79 3A 0.93     4  2016
   236.006     45.3772    236.03113     45.37141     0      0.06615      0.07608      0.05621         5.63         2.93 3B 0.94     4  2016
   236.004     45.3727    236.02896     45.36259     0      0.07782      0.09665      0.05898         4.89         1.39 6A 1.00     4  2016
   236.001     45.3688    236.02735     45.35462     0      0.08095      0.20639      0.00000        15.91         2.44 3B 0.99     4  2016
   235.998     45.3650    236.02118     45.34803     2      5.39447          NaN          NaN        61.66        -0.00 1A 0.65     4  2016
   235.995     45.3611    236.01185     45.34509     0      0.12735      0.13635      0.11834        28.57         6.18 1A 1.00     4  2016
   235.992     45.3573    236.00148     45.34238     0      0.09211      0.09548      0.08875        29.16         1.02 1A 0.87     4  2016
   235.989     45.3536    235.99937     45.34167     2      1.67398          NaN          NaN        28.65         0.00 1A 0.65     4  2016
   235.987     45.3494    235.99756     45.34008     2      5.37411          NaN          NaN        38.12        -0.00 1A 0.64     4  2016
   236.002     45.3269    236.01344     45.33874     2      9.94330          NaN          NaN       202.77         0.00 1A 0.65     4  2016
   236.006     45.3240    236.02415     45.33757     0      0.10349      0.21398      0.00000        12.35         3.96 3B 1.00     4  2016
   236.009     45.3207    236.02918     45.33067     0      0.03798      0.10030      0.00000        14.46         4.01 3A 1.00     4  2016
   236.013     45.3171    236.03242     45.32387     0      0.06216      0.13613      0.00000         5.95         3.60 3A 1.00     4  2016
   236.015     45.3130    236.03422     45.31771     0      0.03144      0.05654      0.00633         6.77         3.79 3A 1.00     4  2016
   236.016     45.3083    236.03522     45.31146     0      0.04215      0.05612      0.02818        28.89         5.29 3A 1.00     4  2016
   236.016     45.3034    236.03572     45.30520     0      0.05386      0.09541      0.01232        15.25         5.06 3A 1.00     4  2016
   236.017     45.2985    236.03537     45.29891     0      0.04412      0.05244      0.03581        10.88         4.36 3A 1.00     4  2016
   236.016     45.2937    236.03575     45.29623     0      0.06030      0.08834      0.03225         9.73         5.18 3A 1.00     4  2016
   236.016     45.2888    236.03590     45.29088     0      0.08564      0.13474      0.03654         5.62         2.26 3A 1.00     4  2016
   236.015     45.2840    236.03578     45.28553     0      0.04468      0.06838      0.02099        16.83         3.74 3A 1.00     4  2016
   236.015     45.2791    236.03585     45.27591     0      0.04499      0.09163      0.00000         2.26         1.01 3A 1.00     4  2016
   236.015     45.2742    236.03443     45.27072     0      0.05681      0.14414      0.00000         6.72         3.36 3A 1.00     4  2016
   236.015     45.2693    236.03354     45.26539     0      0.03795      0.05150      0.02439         3.32         2.83 3A 1.00     4  2016
   236.014     45.2645    236.03306     45.26091     0      0.04905      0.09036      0.00775         5.81         3.96 3A 1.00     4  2016
   236.014     45.2596    236.03263     45.25824     0      0.04406      0.05942      0.02870         5.69         2.97 3A 1.00     4  2016
   236.013     45.2549    236.03203     45.25289     0      0.04933      0.09295      0.00571         6.01         3.42 3A 1.00     4  2016
   236.011     45.2502    236.03113     45.24852     0      0.02862      0.03585      0.02139         6.83         3.51 3A 1.00     4  2016
   236.010     45.2454    236.03070     45.24403     0      0.04378      0.11967      0.00000         5.26         3.03 3A 1.00     4  2016
   236.009     45.2406    236.02946     45.23872     0      0.04961      0.10250      0.00000        22.25         3.37 1A 1.00     4  2016
   236.009     45.2358    236.02828     45.23165     0      0.05225      0.06247      0.04203         4.98         3.44 3A 0.99     4  2016
   236.008     45.2309    236.02707     45.22635     0      0.03261      0.03553      0.02968        23.18         3.56 3A 1.00     4  2016
   236.008     45.2261    236.02667     45.22268     0      0.07361      0.10585      0.04137        19.45         1.94 3A 0.89     4  2016
   236.007     45.2212    236.02335     45.22056     0      0.08252      0.21787      0.00000        19.26         4.59 1A 1.00     4  2016
   236.007     45.2164    236.01955     45.21699     0      0.08491      0.20555      0.00000         4.26         3.32 1A 1.00     4  2016
   236.008     45.2116    236.02690     45.21583     0      0.03554      0.05350      0.01757        12.09         3.89 3A 1.00     4  2016
   236.010     45.2069    236.02818     45.21151     0      0.04179      0.05083      0.03275        12.63         4.01 3A 1.00     4  2016
   236.010     45.2021    236.03034     45.20538     0      0.06271      0.11958      0.00585         9.61         3.48 3A 1.00     4  2016
   236.011     45.1973    236.03062     45.19823     0      0.04038      0.04836      0.03241         7.28         3.39 3A 1.00     4  2016
   236.012     45.1925    236.03019     45.19198     0      0.04008      0.05314      0.02702        11.84         4.13 3A 1.00     4  2016
   236.012     45.1876    236.03015     45.18750     0      0.05570      0.08871      0.02269         6.72         2.80 3A 1.00     4  2016
   236.011     45.1828    236.02947     45.18217     0      0.05235      0.07408      0.03062        12.60         3.21 3A 1.00     4  2016
   236.011     45.1779    236.02915     45.17777     0      0.07946      0.14143      0.01749         4.81         2.95 3A 1.00     4  2016
   236.011     45.1730    236.02880     45.17420     0      0.06727      0.09972      0.03482        11.44         4.26 3A 1.00     4  2016
   236.011     45.1681    236.02849     45.16887     0      0.05306      0.10187      0.00425        11.70         3.61 3A 1.00     4  2016
   236.010     45.1633    236.02868     45.16449     0      0.10539      0.18302      0.02777         3.44         1.78 3A 1.00     4  2016
   236.010     45.1584    236.02677     45.15437     0      0.06617      0.10097      0.03138        25.65         2.81 6D 1.00     4  2016
   236.009     45.1536    236.02531     45.15019     0      0.05517      0.15369      0.00000        27.85         4.25 1A 1.00     4  2016
   236.009     45.1488    236.02427     45.14488     0      0.04542      0.06252      0.02832         5.70         3.93 3A 1.00     4  2016
   236.007     45.1442    236.02399     45.14222     0      0.02544      0.08323      0.00000         5.55         4.30 3A 1.00     4  2016
   236.005     45.1396    236.02271     45.13780     0      0.04355      0.06302      0.02408         6.09         3.93 3A 1.00     4  2016
   236.004     45.1349    236.02190     45.13247     0      0.12540      0.22990      0.02090         3.57         1.34 3A 1.00     4  2016
   236.003     45.1300    236.02067     45.12809     0      0.06179      0.09870      0.02488         7.89         3.94 3A 1.00     4  2016
   236.002     45.1252    236.01895     45.12286     0      0.03262      0.04100      0.02423         7.63         3.51 3A 1.00     4  2016
   236.001     45.1205    236.01809     45.11854     0      0.05156      0.07094      0.03217         7.37         4.11 3A 1.00     4  2016
   235.999     45.1161    236.01679     45.11420     0      0.04542      0.06695      0.02390         3.44         3.26 3A 1.00     4  2016
   235.997     45.1117    236.01553     45.10798     0      0.05450      0.05657      0.05244         4.77         4.35 6B 1.00     4  2016
   235.995     45.1073    236.01372     45.10182     0      0.05174      0.14357      0.00000         6.22         4.00 6B 1.00     4  2016
   235.992     45.1032    236.01201     45.09522     0      0.06254      0.12200      0.00308         6.98         1.63 6B 0.96     4  2016
   235.989     45.0997    236.00568     45.09170     2      1.78261          NaN          NaN        13.72         0.00 1A 0.65     4  2016
   235.986     45.0959    236.00132     45.08827     2      4.59869          NaN          NaN        11.90         0.00 1A 0.65     4  2016
   235.983     45.0920    235.99633     45.08464     0      0.09997      0.11032      0.08963        18.54         2.30 1A 1.00     4  2016
   235.981     45.0876    235.99340     45.08358     0      0.09901      0.12106      0.07697        29.49         2.61 1A 1.00     4  2016
   235.979     45.0831    235.99035     45.07845     0      0.10448      0.13079      0.07818        36.39         7.11 1A 1.00     4  2016
   235.977     45.0788    235.99226     45.07445     0      0.08839      0.20361      0.00000        47.64         2.50 1A 1.00     4  2016
   235.977     45.0740    235.99123     45.07193     2      1.89896          NaN          NaN        55.65         0.00 1A 0.64     4  2016
   235.977     45.0691    235.99040     45.06824     0      0.12020      0.19937      0.04103        19.44         5.48 1A 1.00     4  2016
   235.974     45.0649    235.98591     45.06253     1      0.53614      0.68333      0.38895        29.11         0.00 6D 0.85     4  2016
   235.974     45.0600    235.98687     45.05627     0      0.13523      0.19252      0.07793        26.72         7.91 6D 0.70     4  2016
   235.974     45.0551    235.98634     45.05474     0      0.12953      0.16265      0.09641         6.40         3.82 6D 0.96     4  2016
   235.974     45.0502    235.98427     45.05236     0      0.11283      0.11856      0.10711        30.82         6.16 1A 1.00     4  2016
   235.974     45.0454    235.98320     45.04981     2      1.53980          NaN          NaN        29.13        -0.00 1A 0.69     4  2016
   235.974     45.0405    235.99372     45.04393     0      0.07624      0.10396      0.04851         2.76         1.33 3A 1.00     4  2016
   235.974     45.0357    235.99348     45.03783     0      0.02570      0.03801      0.01339         6.50         4.18 3A 1.00     4  2016
   235.973     45.0309    235.98843     45.03130     2      2.43973          NaN          NaN        14.96         0.00 1A 0.65     4  2016
   235.972     45.0261    235.98928     45.02510     0      0.06742      0.07861      0.05623        28.91         2.94 1A 1.00     4  2016
   235.972     45.0212    235.99048     45.01982     0      0.05024      0.06256      0.03792        14.80         3.77 6B 1.00     4  2016
   235.971     45.0163    235.99073     45.01625     0      0.05067      0.07791      0.02343         7.58         3.61 6B 1.00     4  2016
   235.971     45.0115    235.99026     45.01177     0      0.03601      0.04141      0.03061         5.41         4.21 6B 1.00     4  2016
   235.971     45.0066    235.98928     45.00555     0      0.04547      0.05805      0.03288        20.53         3.74 6B 1.00     4  2016
   235.971     45.0017    235.98811     45.00045     0      0.04512      0.06711      0.02313        10.90         3.52 3A 1.00     4  2016
   235.971     44.9968    235.98675     44.99506     0      0.03599      0.06719      0.00480         8.48         2.63 6B 1.00     4  2016
   235.968     44.9927    235.98599     44.99063     0      0.04089      0.07029      0.01148         7.39         4.04 1B 1.00     4  2016
   235.967     44.9881    235.98496     44.98622     0      0.03714      0.05491      0.01937         4.26         3.49 1B 1.00     4  2016
   235.965     44.9837    235.98426     44.98177     0      0.05418      0.08722      0.02115        11.69         5.21 3A 1.00     4  2016
   235.962     44.9797    235.98334     44.97734     0      0.05311      0.07463      0.03160        23.32         3.36 6B 1.00     4  2016
   235.959     44.9755    235.98240     44.97296     0      0.04622      0.05403      0.03841        11.54         3.59 6B 1.00     4  2016
   235.959     44.9707    235.98132     44.96860     0      0.01696      0.03137      0.00255         5.53         2.56 3A 1.00     4  2016
   235.958     44.9658    235.98002     44.96322     0      0.08317      0.10860      0.05773        22.74         5.72 3A 1.00     4  2016
   235.958     44.9609    235.97885     44.95879     0      0.07583      0.10370      0.04796         9.98         3.75 1B 1.00     4  2016
   235.957     44.9562    235.97781     44.95354     0      0.10592      0.12652      0.08531        29.45         6.22 3A 1.00     4  2016
   235.956     44.9515    235.97581     44.94939     0      0.05588      0.07227      0.03948        29.15         4.10 6B 1.00     4  2016
   235.955     44.9467    235.97598     44.94486     0      0.07906      0.08332      0.07479        19.42         4.43 1B 1.00     4  2016
   235.954     44.9418    235.97549     44.94131     0      0.08481      0.18003      0.00000         4.28         3.27 1B 0.96     4  2016
   235.954     44.9369    235.97478     44.93696     0      0.05137      0.08094      0.02180        23.45         4.20 3A 1.00     4  2016
   235.954     44.9321    235.97356     44.93173     0      0.03116      0.04075      0.02156         5.27         2.59 3A 1.00     4  2016
   235.955     44.9273    235.97257     44.92443     0      0.09062      0.26067      0.00000         3.03         0.99 3A 1.00     4  2016
   235.955     44.9224    235.97168     44.91918     0      0.08564      0.11398      0.05730         5.40         1.35 3A 1.00     4  2016
   235.955     44.9175    235.97038     44.91475     0      0.05055      0.07974      0.02136         6.45         5.13 3A 1.00     4  2016
   235.954     44.9127    235.96960     44.90942     0      0.05172      0.07267      0.03078         6.71         2.93 3A 1.00     4  2016
   235.954     44.9078    235.96891     44.90586     0      0.05975      0.10928      0.01023         3.64         1.34 3A 1.00     4  2016
   235.953     44.9030    235.96705     44.90154     0      0.05039      0.19011      0.00000         6.79         3.44 3A 0.99     4  2016
   235.952     44.8983    235.96585     44.89626     0      0.04482      0.05388      0.03577         8.69         4.94 3A 1.00     4  2016
   235.950     44.8938    235.96488     44.89181     0      0.05281      0.07988      0.02574         8.68         4.65 3A 1.00     4  2016
   235.948     44.8892    235.96392     44.88737     0      0.09242      0.12614      0.05870        29.68         6.35 3A 1.00     4  2016
   235.947     44.8843    235.96230     44.88213     0      0.06585      0.14216      0.00000        10.55         4.21 6B 1.00     4  2016
   235.946     44.8796    235.96114     44.87776     0      0.07133      0.10383      0.03883        10.66         5.28 1A 1.00     4  2016
   235.944     44.8754    235.95921     44.87259     0      0.03821      0.07669      0.00000        20.11         4.12 6B 1.00     4  2016
   235.942     44.8708    235.95829     44.86812     0      0.07548      0.11205      0.03891        11.95         4.10 6B 1.00     4  2016
   235.940     44.8662    235.95678     44.86377     0      0.08949      0.12878      0.05019        14.24         4.22 6B 1.00     4  2016
   235.938     44.8620    235.95459     44.85767     0      0.05930      0.10099      0.01762         9.69         4.87 1A 1.00     4  2016
   235.936     44.8577    235.95321     44.85328     0      0.07133      0.08449      0.05818         7.86         4.52 3A 1.00     4  2016
   235.934     44.8533    235.95010     44.84643     0      0.10258      0.13181      0.07334        13.35         2.89 6B 0.99     4  2016
   235.931     44.8492    235.94820     44.84310     0      0.13323      0.21032      0.05613         6.72         1.50 1A 0.94     4  2016
   235.930     44.8444    235.94280     44.83723     0      0.07363      0.09615      0.05110         8.03         5.46 2A 1.00     4  2016
   235.929     44.8397    235.94073     44.83508     0      0.08935      0.12320      0.05550         4.75         3.10 2A 1.00     4  2016
   235.927     44.8351    235.93944     44.82964     2      1.18017          NaN          NaN         9.62         0.00 2A 0.64     4  2016
   235.925     44.8307    235.93401     44.82928     0      0.08567      0.21181      0.00000        12.48         1.86 1A 0.76     4  2016
   235.924     44.8259    235.93266     44.82423     0      0.08463      0.11259      0.05668         8.91         3.02 1A 1.00     4  2016
   235.923     44.8212    235.93620     44.81937     0      0.08606      0.16589      0.00624        11.21         2.21 1A 1.00     4  2016
   235.922     44.8165    235.93452     44.81609     2      2.44559          NaN          NaN        21.54         0.00 1A 0.64     4  2016
   235.921     44.8117    235.93702     44.81006     1      0.22508      0.36912      0.08103         8.31         0.94 2A 0.64     4  2016
   235.920     44.8068    235.93640     44.80354     1      0.45792      0.51574      0.40009        16.10        -0.00 1A 0.82     4  2016
   235.919     44.8020    235.92996     44.80173     0      0.12480      0.14795      0.10165        11.36         1.13 1A 0.83     4  2016
   235.918     44.7972    235.92664     44.79687     2      1.85233          NaN          NaN        15.96         0.00 1A 0.65     4  2016
   235.917     44.7924    235.92809     44.79279     0      0.09365      0.26288      0.00000         8.46         2.76 2A 1.00     4  2016
   235.917     44.7876    235.92689     44.78710     0      0.09555      0.20268      0.00000         4.11         0.92 1A 1.00     4  2016
   235.916     44.7827    235.92625     44.78295     0      0.07990      0.09965      0.06015         1.65         0.92 1A 0.76     4  2016
   235.916     44.7778    235.92743     44.77935     0      0.06447      0.06447      0.06447         9.30         1.57 1A 0.97     4  2016
   235.916     44.7729    235.92459     44.77222     0      0.09778      0.10588      0.08968        12.70         0.59 1A 0.93     4  2016
   235.916     44.7681    235.92646     44.76968     2      1.43120          NaN          NaN        15.03        -0.00 1A 0.65     4  2016
   235.914     44.7634    235.93168     44.76567     2      2.42024          NaN          NaN         9.56        -0.00 1A 0.64     4  2016
   235.913     44.7588    235.93205     44.76031     2      3.01116          NaN          NaN        31.01        -0.00 1A 0.67     4  2016
   235.913     44.7539    235.93536     44.75739     2      2.78981          NaN          NaN        19.65        -0.00 1A 0.68     4  2016
   235.913     44.7491    235.93445     44.75210     0      0.06689      0.16385      0.00000        18.30         2.23 2A 0.99     4  2016
   235.912     44.7444    235.93567     44.74791     0      0.10786      0.25730      0.00000        27.94         2.04 2A 0.97     4  2016
   235.911     44.7398    235.93945     44.74454     0      0.04564      0.05942      0.03186        28.14         3.65 3A 1.00     4  2016
   235.910     44.7350    235.94258     44.73777     0      0.05890      0.07716      0.04064        22.61         3.47 6A 1.00     4  2016
   235.909     44.7301    235.94137     44.73072     0      0.04133      0.04982      0.03283        16.14         3.85 1A 1.00     4  2016
   235.909     44.7252    235.94082     44.72465     0      0.04224      0.05855      0.02593        21.53         3.03 6A 1.00     4  2016
   235.909     44.7204    235.94062     44.71837     0      0.06633      0.10205      0.03061        13.49         3.17 1A 1.00     4  2016
   235.908     44.7156    235.93977     44.71212     0      0.06583      0.09827      0.03340        25.18         3.61 1A 1.00     4  2016
   235.906     44.7109    235.93824     44.70503     0      0.07885      0.13407      0.02364        15.95         4.26 6A 1.00     4  2016
   235.905     44.7062    235.93655     44.69905     0      0.05629      0.07811      0.03446        11.97         3.12 2A 1.00     4  2016
   235.904     44.7014    235.93463     44.69292     0      0.05882      0.10529      0.01235        26.72         3.27 6A 1.00     4  2016
   235.903     44.6967    235.93280     44.68682     0      0.11757      0.26030      0.00000        12.13         4.04 6A 1.00     4  2016
   235.902     44.6919    235.93103     44.68156     0      0.08124      0.12724      0.03524        19.36         3.54 6A 1.00     4  2016
   235.902     44.6870    235.92931     44.67917     0      0.12132      0.27597      0.00000        14.19         3.80 6D 1.00     4  2016
   235.903     44.6821    235.92684     44.67716     0      0.11960      0.25083      0.00000        20.92         5.21 6D 0.65     4  2016
   235.905     44.6727    235.91991     44.67644     0      0.12663      0.12876      0.12451        18.26         1.30 1A 0.89     4  2016
   235.905     44.6679    235.92708     44.67307     0      0.08940      0.25152      0.00000         4.31         1.09 1A 0.83     4  2016
   235.905     44.6631    235.93798     44.66958     0      0.02147      0.05736      0.00000         3.04         1.38 3A 1.00     4  2016
   235.904     44.6582    235.93910     44.66116     0      0.01608      0.03578      0.00000        20.32         3.07 3A 1.00     4  2016
   235.905     44.6533    235.93914     44.65396     0      0.02334      0.03107      0.01561         3.00         2.93 3A 1.00     4  2016
   235.905     44.6485    235.93808     44.64772     0      0.02448      0.03453      0.01444         5.84         3.96 3A 1.00     4  2016
   235.905     44.6436    235.93704     44.64153     0      0.03900      0.04836      0.02964        22.92         3.79 3A 1.00     4  2016
   235.904     44.6387    235.93469     44.63549     0      0.02506      0.03264      0.01748        18.62         3.41 3A 1.00     4  2016
   235.905     44.6338    235.93427     44.63376     0      0.02416      0.03412      0.01421        19.45         4.42 3A 1.00     4  2016
   235.905     44.6289    235.93339     44.62932     0      0.02849      0.03976      0.01722        17.85         3.34 1A 1.00     4  2016
   235.905     44.6241    235.93261     44.62577     0      0.02137      0.03846      0.00429        10.05         2.75 1A 1.00     4  2016
   235.905     44.6192    235.93193     44.62128     0      0.01520      0.02712      0.00327         4.57         3.98 3A 1.00     4  2016
   235.902     44.6101    235.93185     44.60628     0      0.05908      0.06871      0.04945         8.16         3.51 3A 1.00     4  2016
   235.900     44.6057    235.93214     44.60193     0      0.03543      0.03977      0.03109        13.75         3.88 3A 1.00     4  2016
   235.898     44.6012    235.93208     44.59742     0      0.03716      0.04028      0.03405         8.50         5.23 3A 1.00     4  2016
   235.896     44.5966    235.93139     44.59309     0      0.02208      0.03662      0.00754         5.96         2.79  5 1.00     4  2016
   235.895     44.5919    235.93132     44.59039     0      0.03044      0.03518      0.02571         8.39         3.57  5 1.00     4  2016
   235.894     44.5872    235.93104     44.58594     0      0.03382      0.04033      0.02731        15.85         3.19  5 1.00     4  2016
   235.892     44.5825    235.93060     44.58060     0      0.02827      0.05144      0.00510         7.99         2.98 6B 1.00     4  2016
   235.891     44.5778    235.92978     44.57612     0      0.02661      0.03143      0.02178        16.49         2.72 6A 1.00     4  2016
   235.890     44.5730    235.92951     44.57074     0      0.04448      0.05169      0.03728        20.33         3.06 1A 1.00     4  2016
   235.889     44.5681    235.92884     44.56627     0      0.03688      0.04366      0.03011        14.85         3.00  5 1.00     4  2016
   235.889     44.5633    235.92799     44.55992     0      0.05257      0.10315      0.00199        18.12         2.55 1A 0.99     4  2016
   235.892     44.5594    235.92732     44.55636     0      0.03889      0.04685      0.03094        15.19         2.76 1A 1.00     4  2016
   235.895     44.5565    235.92695     44.55368     0      0.04438      0.05443      0.03434        13.89         2.71 1A 1.00     4  2016
   235.898     44.5522    235.92645     44.55010     0      0.04905      0.06740      0.03070        15.28         2.76 1A 1.00     4  2016
   235.899     44.5475    235.92567     44.54564     0      0.04446      0.05909      0.02983        10.54         2.62 1A 1.00     4  2016
   235.899     44.5426    235.92498     44.54117     0      0.03884      0.04506      0.03262        10.01         3.03  5 1.00     4  2016
   235.899     44.5378    235.92463     44.53759     0      0.04174      0.04774      0.03573        10.44         2.77 6B 1.00     4  2016
   235.898     44.5331    235.92438     44.53220     0      0.07577      0.09760      0.05395        10.85         2.67 6B 1.00     4  2016
   235.896     44.5286    235.92362     44.52682     0      0.04346      0.05498      0.03195         5.69         3.08 3A 1.00     4  2016
   235.895     44.5239    235.92248     44.51969     0      0.06706      0.11670      0.01742        21.94         3.79 2A 1.00     4  2016
   235.895     44.5190    235.92056     44.51448     0      0.06628      0.14831      0.00000        19.69         3.85 2A 1.00     4  2016
   235.894     44.5145    235.91905     44.51012     0      0.04594      0.06396      0.02792        16.81         2.57 6A 0.99     4  2016
   235.891     44.5102    235.91801     44.50660     0      0.04428      0.05991      0.02864        16.25         2.92 6A 1.00     4  2016
   235.890     44.5056    235.91769     44.50304     0      0.04264      0.06781      0.01746        15.29         2.62 6A 1.00     4  2016
   235.890     44.5008    235.91637     44.49965     0      0.03520      0.08829      0.00000        17.47         2.49 6A 1.00     4  2016
   235.891     44.4959    235.91593     44.49478     0      0.05288      0.08657      0.01919         9.31         2.70 6A 1.00     4  2016
   235.891     44.4911    235.91567     44.48984     0      0.03401      0.04240      0.02562        14.37         2.82 6A 0.99     4  2016
   235.891     44.4862    235.91504     44.48543     0      0.04362      0.08662      0.00063         3.56         0.99 3A 0.81     4  2016
   235.891     44.4813    235.91629     44.48125     0      0.03332      0.03872      0.02793         8.00         3.57 3A 1.00     4  2016
   235.892     44.4764    235.91666     44.47624     0      0.03385      0.03900      0.02871        15.72         4.80 3A 1.00     4  2016
   235.892     44.4716    235.91702     44.47175     0      0.03263      0.03590      0.02935        18.50         5.05 3A 1.00     4  2016
   235.892     44.4667    235.91737     44.46742     0      0.02971      0.03849      0.02093        22.11         4.54 3A 1.00     4  2016
   235.892     44.4618    235.91708     44.46202     0      0.01215      0.02566      0.00000         9.18         2.26 1A 0.98     4  2016
   235.892     44.4569    235.91680     44.45666     0      0.02493      0.03340      0.01647         4.70         2.58 3A 1.00     4  2016
   235.893     44.4520    235.91690     44.45125     0      0.03312      0.03619      0.03005         8.05         5.18 10A 1.00     4  2016
   235.892     44.4472    235.91632     44.44587     0      0.03755      0.05622      0.01887         6.62         3.37 3A 1.00     4  2016
   235.892     44.4423    235.91560     44.44140     0      0.03672      0.06921      0.00423         4.78         3.03 3A 1.00     4  2016
   235.892     44.4374    235.91547     44.44051     0      0.03725      0.06936      0.00513         4.85         3.57 3A 1.00     4  2016
   235.892     44.4325    235.91508     44.43515     0      0.05119      0.08535      0.01703         5.74         3.66 3A 1.00     4  2016
   235.891     44.4277    235.91458     44.42973     0      0.03456      0.05034      0.01879         4.29         3.39 3A 1.00     4  2016
   235.891     44.4228    235.91607     44.41801     0      0.02738      0.03630      0.01845         4.37         4.06 3A 1.00     4  2016
   235.891     44.4179    235.91423     44.41384     0      0.02711      0.03259      0.02163         5.60         3.95 3A 1.00     4  2016
   235.891     44.4130    235.91333     44.40854     0      0.02944      0.03751      0.02137         9.22         3.46 3A 1.00     4  2016
   235.891     44.4081    235.91300     44.40319     0      0.03805      0.04438      0.03172         5.28         3.43 3A 1.00     4  2016
   235.890     44.4033    235.91262     44.40141     0      0.03246      0.03851      0.02640         5.38         3.39 3A 1.00     4  2016
   235.889     44.3985    235.91207     44.39695     0      0.04273      0.05015      0.03531         8.84         3.56 9B 1.00     4  2016
   235.889     44.3937    235.91095     44.39164     0      0.02531      0.03641      0.01422         8.67         3.50 3A 1.00     4  2016
   235.888     44.3889    235.91038     44.38722     0      0.04357      0.05509      0.03206         3.36         3.21 1A 1.00     4  2016
   235.887     44.3841    235.90944     44.38187     0      0.02178      0.03191      0.01164         3.10         3.02 1A 1.00     4  2016
   235.886     44.3792    235.90833     44.37744     0      0.02261      0.02833      0.01688         3.23         3.10 3A 1.00     4  2016
   235.885     44.3744    235.90779     44.37296     0      0.02502      0.04103      0.00900         4.45         1.05 3A 1.00     4  2016
   235.885     44.3695    235.90663     44.36688     0      0.04625      0.05885      0.03365         6.82         3.37 6B 1.00     4  2016
   235.884     44.3648    235.90565     44.36246     0      0.03793      0.04302      0.03283         9.61         4.25 6B 1.00     4  2016
   235.882     44.3601    235.90445     44.35713     0      0.03754      0.04273      0.03234         3.52         3.22 6B 1.00     4  2016
   235.881     44.3554    235.90358     44.35269     0      0.02789      0.04628      0.00951         5.64         2.84 1A 0.99     4  2016
   235.880     44.3506    235.90271     44.34827     0      0.03216      0.04250      0.02182         4.91         3.43  5 1.00     4  2016
   235.879     44.3458    235.90169     44.34202     0      0.03878      0.09141      0.00000         4.25         2.87 6A 1.00     4  2016
   235.879     44.3410    235.90060     44.33761     0      0.03741      0.08260      0.00000         6.93         4.21 1A 1.00     4  2016
   235.878     44.3361    235.89925     44.33147     0      0.04044      0.09263      0.00000         5.82         4.20 6B 1.00     4  2016
   235.877     44.3313    235.89585     44.32654     0      0.06246      0.19160      0.00000         5.87         4.06 2A 1.00     4  2016
   235.875     44.3267    235.89206     44.32131     0      0.04668      0.13829      0.00000         3.08         2.50 2A 0.98     4  2016
   235.874     44.3219    235.89162     44.31847     0      0.04776      0.11748      0.00000         5.93         2.10 2A 1.00     4  2016
   235.874     44.3171    235.89024     44.31438     0      0.03785      0.16264      0.00000         2.95         2.68 2A 1.00     4  2016
   235.873     44.3122    235.89146     44.31170     0      0.08504      0.16067      0.00941        12.09         4.22 2A 1.00     4  2016
   235.872     44.3074    235.89425     44.30614     0      0.08011      0.24284      0.00000         6.99         0.97 2A 0.67     4  2016
   235.872     44.3026    235.89025     44.30143     0      0.06595      0.20403      0.00000         6.99         4.47 6A 1.00     4  2016
   235.871     44.2977    235.88949     44.29879     0      0.04370      0.14452      0.00000        11.56         3.26  5 0.99     4  2016
   235.871     44.2928    235.88765     44.29006     0      0.07569      0.23478      0.00000         3.32         0.57 2A 1.00     4  2016
   235.870     44.2879    235.88619     44.28593     0      0.08338      0.15506      0.01170        13.41         4.03 2A 1.00     4  2016
   235.870     44.2831    235.89066     44.28237     0      0.07319      0.16823      0.00000        10.05         0.67 6A 1.00     4  2016
   235.869     44.2783    235.88806     44.28015     0      0.05547      0.18708      0.00000        14.35         2.51 2A 0.91     4  2016
   235.869     44.2734    235.88616     44.27397     0      0.05865      0.15451      0.00000        22.50         3.15 1A 1.00     4  2016
   235.868     44.2685    235.89135     44.26796     0      0.04871      0.18045      0.00000        14.68         2.52 2A 0.94     4  2016
   235.868     44.2637    235.89058     44.26368     0      0.06298      0.14557      0.00000        13.22         3.97 6A 1.00     4  2016
   235.868     44.2588    235.88841     44.25977     0      0.06645      0.18807      0.00000        17.48         4.58 2A 1.00     4  2016
   235.868     44.2539    235.88722     44.25393     0      0.10387      0.21301      0.00000         4.28         2.27 2A 0.71     4  2016
   235.868     44.2490    235.88624     44.24996     0      0.08287      0.23864      0.00000        15.49         4.17 6A 1.00     4  2016
   235.867     44.2442    235.88698     44.24408     0      0.08774      0.16321      0.01228         8.89         5.62 2A 1.00     4  2016
   235.866     44.2393    235.88826     44.23989     2      1.63114          NaN          NaN        22.87        -0.00 6A 0.65     4  2016
   235.866     44.2345    235.88846     44.23387     0      0.04801      0.06376      0.03226        14.21         3.42 6A 1.00     4  2016
   235.866     44.2296    235.88820     44.22938     0      0.09260      0.20365      0.00000         6.18         3.71 6A 1.00     4  2016
   235.865     44.2247    235.88772     44.22266     0      0.09292      0.21473      0.00000         4.32         2.97  5 0.92     4  2016
   235.865     44.2198    235.88545     44.21860     0      0.07642      0.17071      0.00000        12.28         3.81 6A 1.00     4  2016
   235.865     44.2150    235.88493     44.21429     0      0.08560      0.20119      0.00000        23.37         4.17 2A 1.00     4  2016
   235.864     44.2101    235.88551     44.20997     0      0.12019      0.23019      0.01018        16.59         4.21 6A 1.00     4  2016
   235.864     44.2053    235.88422     44.20480     0      0.11182      0.18371      0.03992        21.26         4.74 2A 1.00     4  2016
   235.863     44.2004    235.88547     44.20071     0      0.08193      0.21179      0.00000        25.10         4.56 6A 1.00     4  2016
   235.863     44.1955    235.88529     44.19455     0      0.07780      0.21169      0.00000        21.37         1.46 1A 0.94     4  2016
   235.863     44.1906    235.88437     44.19018     0      0.05511      0.08778      0.02244        21.99         3.77 6A 1.00     4  2016
   235.863     44.1858    235.88373     44.18413     0      0.06183      0.10600      0.01766         7.07         3.06 6A 1.00     4  2016
   235.862     44.1809    235.88346     44.17968     0      0.08792      0.17649      0.00000         7.05         4.77 6A 1.00     4  2016
   235.861     44.1761    235.88319     44.17523     0      0.02318      0.05285      0.00000         4.06         2.37 6A 1.00     4  2016
   235.860     44.1713    235.88267     44.16989     0      0.06027      0.20441      0.00000         7.65         3.56 1A 0.99     4  2016
   235.859     44.1666    235.88132     44.16456     0      0.02654      0.02985      0.02323         9.07         3.26 1A 1.00     4  2016
   235.858     44.1617    235.88130     44.16009     0      0.05549      0.07027      0.04070         5.88         4.07 1A 1.00     4  2016
   235.858     44.1569    235.87965     44.15304     0      0.04686      0.06378      0.02994        28.93         3.87 1A 1.00     4  2016
   235.858     44.1520    235.87911     44.14856     0      0.04852      0.06467      0.03237        26.69         3.70 1A 1.00     4  2016
   235.857     44.1471    235.87822     44.14503     0      0.04272      0.04931      0.03613        10.55         3.45 1A 1.00     4  2016
   235.857     44.1422    235.87379     44.13937     0      0.11736      0.18782      0.04690        20.62         1.16 1A 0.80     4  2016
   235.857     44.1374    235.87430     44.13615     0      0.05462      0.06849      0.04076         4.55         1.05 1A 0.85     4  2016
   235.856     44.1325    235.87409     44.13212     2      1.62370          NaN          NaN        29.07         6.77 2A 0.74     4  2016
   235.856     44.1276    235.87576     44.12775     0      0.11892      0.27216      0.00000         9.58         1.28 6A 0.90     4  2016
   235.856     44.1227    235.87271     44.12446     0      0.12441      0.17584      0.07298         4.69         2.45 1A 0.98     4  2016
   235.856     44.1178    235.87452     44.11839     2      3.21696          NaN          NaN        32.08         0.00 1A 0.65     4  2016
   235.856     44.1130    235.87482     44.11356     2      3.85259          NaN          NaN        43.57         0.00 1A 0.65     4  2016
   235.855     44.1081    235.87518     44.10870     0      0.11817      0.20850      0.02784        23.51         5.07 1A 1.00     4  2016
   235.855     44.1032    235.87667     44.10373     0      0.03322      0.03786      0.02858        20.55         3.51 3A 1.00     4  2016
   235.854     44.0984    235.87569     44.09749     0      0.03793      0.04453      0.03132        12.78         3.79 3A 1.00     4  2016
   235.854     44.0935    235.87520     44.09215     0      0.03096      0.06219      0.00000         3.69         0.91 3A 1.00     4  2016
   235.853     44.0887    235.87419     44.08702     0      0.04125      0.04642      0.03608        11.81         3.47 3A 1.00     4  2016
   235.852     44.0839    235.87340     44.08255     0      0.04466      0.09513      0.00000         6.58         6.48 3A 1.00     4  2016
   235.852     44.0790    235.87262     44.07723     0      0.05323      0.09006      0.01641         9.10         3.35 3A 1.00     4  2016
   235.851     44.0742    235.87168     44.07279     0      0.04855      0.06218      0.03492        10.57         3.62 3A 1.00     4  2016
   235.850     44.0694    235.87115     44.06921     0      0.05085      0.06124      0.04045         6.00         3.90 3A 1.00     4  2016
   235.850     44.0645    235.87031     44.06389     0      0.05264      0.07139      0.03388        10.38         3.91 3A 1.00     4  2016
   235.849     44.0597    235.86970     44.05945     0      0.05944      0.14870      0.00000         2.82         1.49 3A 1.00     4  2016
   235.848     44.0548    235.86872     44.05406     0      0.04139      0.07169      0.01109         4.68         2.70 3A 1.00     4  2016
   235.848     44.0500    235.86734     44.04654     0      0.03582      0.04918      0.02247         3.78         3.58 3A 1.00     4  2016
   235.846     44.0453    235.86611     44.04125     0      0.03271      0.04683      0.01858         9.40         4.65 3A 1.00     4  2016
   235.844     44.0408    235.86519     44.03680     0      0.03076      0.05471      0.00681         5.73         4.53 9B 1.00     4  2016
   235.844     44.0360    235.86472     44.03505     0      0.01605      0.03289      0.00000        10.47         2.91 6B 0.99     4  2016
   235.844     44.0311    235.86368     44.03153     0      0.03801      0.04738      0.02864         4.56         2.79 3A 1.00     4  2016
   235.843     44.0262    235.86262     44.02711     0      0.05684      0.11254      0.00115         4.84         3.45 3A 1.00     4  2016
   235.842     44.0215    235.86106     44.02282     0      0.07911      0.16332      0.00000         8.97         5.58 3A 0.98     4  2016
   235.841     44.0168    235.86184     44.01376     0      0.03592      0.06012      0.01171         7.93         5.15 3A 1.00     4  2016
   235.840     44.0119    235.86180     44.00931     0      0.03900      0.05283      0.02517         4.73         4.30 3A 1.00     4  2016
   235.840     44.0071    235.86210     44.00483     0      0.04709      0.06146      0.03272         5.53         3.63 3A 1.00     4  2016
   235.839     44.0022    235.86196     44.00038     0      0.06287      0.09326      0.03248        12.27         4.33 3A 1.00     4  2016
   235.839     43.9973    235.86154     43.99681     0      0.05760      0.06917      0.04604         8.35         4.27 3A 1.00     4  2016
   235.839     43.9925    235.86115     43.99146     0      0.05287      0.05561      0.05014         6.98         5.25 3A 1.00     4  2016
   235.838     43.9877    235.86057     43.98608     0      0.06706      0.07869      0.05544        18.27         4.14 3A 1.00     4  2016
   235.837     43.9828    235.86005     43.98163     0      0.06390      0.07885      0.04896        15.87         3.58 3A 0.99     4  2016
   235.837     43.9779    235.85922     43.97634     0      0.07216      0.09202      0.05230        15.48         4.20 3A 1.00     4  2016
   235.838     43.9731    235.85872     43.97187     0      0.05561      0.07678      0.03444        17.70         3.53 3A 1.00     4  2016
   235.838     43.9682    235.85775     43.96663     0      0.07067      0.09705      0.04429        15.38         4.15 3A 1.00     4  2016
   235.838     43.9634    235.85711     43.96218     0      0.06536      0.07634      0.05437        15.22         3.85 3A 1.00     4  2016
   235.837     43.9586    235.85647     43.95683     0      0.11195      0.15663      0.06727        14.22         4.00 3A 0.98     4  2016
   235.836     43.9538    235.85557     43.95237     0      0.06102      0.08700      0.03505        18.84         3.54 3A 0.99     4  2016
   235.836     43.9489    235.85455     43.94709     0      0.06059      0.07932      0.04187        13.80         4.02 3A 1.00     4  2016
   235.835     43.9441    235.85390     43.94266     0      0.06285      0.07236      0.05333        17.73         4.08 3A 1.00     4  2016
   235.834     43.9392    235.85307     43.93736     0      0.06714      0.07654      0.05775         5.84         3.91 3A 1.00     4  2016
   235.833     43.9344    235.85225     43.93295     0      0.05074      0.06230      0.03919         5.25         3.75 3A 1.00     4  2016
   235.833     43.9296    235.85130     43.92763     0      0.04708      0.07707      0.01709         5.95         3.72 3A 1.00     4  2016
   235.832     43.9247    235.85056     43.92317     0      0.05984      0.07701      0.04267        17.38         5.70 3A 1.00     4  2016
   235.832     43.9199    235.85014     43.91872     0      0.06233      0.08959      0.03507        16.26         2.98 3A 0.96     4  2016
   235.831     43.9151    235.84897     43.91342     0      0.04438      0.05208      0.03668        16.26         3.69 3A 1.00     4  2016
   235.829     43.9104    235.84831     43.90897     0      0.05817      0.07271      0.04362         5.23         3.83 3A 1.00     4  2016
   235.828     43.9056    235.84763     43.90361     0      0.07905      0.11185      0.04625        16.66         5.66 3A 1.00     4  2016
   235.827     43.9010    235.84661     43.89922     0      0.04792      0.05463      0.04121        12.64         3.84 3A 1.00     4  2016
   235.825     43.8964    235.84633     43.89563     0      0.06566      0.07032      0.06101        12.21         4.07 3A 1.00     4  2016
   235.823     43.8919    235.84573     43.89118     0      0.09898      0.14812      0.04984        14.91         4.60 3A 1.00     4  2016
   235.822     43.8872    235.84487     43.88853     0      0.04647      0.04867      0.04427        12.92         4.07 3A 1.00     4  2016
   235.821     43.8825    235.84473     43.88583     0      0.06551      0.12253      0.00849         6.73         4.20 3A 1.00     4  2016
   235.820     43.8777    235.84482     43.88313     0      0.07783      0.09587      0.05978         7.46         3.45 3A 0.98     4  2016
   235.819     43.8728    235.84421     43.88054     0      0.05379      0.10139      0.00620         5.14         3.82 3A 1.00     4  2016
