%Beach characteristics derived from lidar surveys, compiled by USGS PCMSC on 20210120_1526
%iso_lon    %iso_lat    %sl_lon    %sl_lat    %dom_runup    %slope    %95_up  %95_low    %dhigh    %dlow    %esi    %runup_usefrac    %month    %year
   235.818     43.8673    235.83961     43.85593     0      0.05831      0.08374      0.03287         8.65         3.38 3A 1.00     4  2016
   235.815     43.8625    235.83876     43.85060     0      0.05721      0.07949      0.03493         9.35         3.66 3A 1.00     4  2016
   235.815     43.8566    235.83778     43.84533     0      0.06137      0.09067      0.03206         8.27         3.40 3A 0.99     4  2016
   235.816     43.8450    235.83727     43.84268     0      0.04086      0.07291      0.00881         5.76         1.37 3A 1.00     4  2016
   235.815     43.8391    235.83614     43.83739     0      0.03921      0.05304      0.02539         3.67         1.20 3A 1.00     4  2016
   235.814     43.8334    235.83503     43.83119     0      0.03209      0.04882      0.01536         6.45         1.11 3A 1.00     4  2016
   235.813     43.8276    235.83407     43.82586     0      0.05359      0.06698      0.04020         7.37         3.72 3A 1.00     4  2016
   235.812     43.8219    235.83284     43.81965     0      0.05996      0.09530      0.02462         8.59         3.85 3A 1.00     4  2016
   235.811     43.8161    235.83203     43.81434     0      0.09597      0.18415      0.00778         5.72         2.42 3A 1.00     4  2016
   235.810     43.8103    235.83029     43.80818     0      0.04301      0.05599      0.03003         8.65         3.80 3A 1.00     4  2016
   235.808     43.8045    235.82989     43.80280     0      0.05215      0.10467      0.00000         6.06         1.13 3A 1.00     4  2016
   235.807     43.7988    235.82817     43.79664     0      0.02850      0.03481      0.02219         1.48         1.23 3A 1.00     4  2016
   235.806     43.7929    235.82683     43.78978     0      0.02747      0.04773      0.00721         7.17         3.54 3A 1.00     4  2016
   235.805     43.7871    235.82507     43.78365     0      0.03483      0.05043      0.01922         6.29         2.93 3A 1.00     4  2016
   235.804     43.7813    235.82375     43.77837     0      0.03759      0.05864      0.01654         7.79         3.11 3A 1.00     4  2016
   235.802     43.7757    235.82296     43.77302     0      0.05643      0.09742      0.01544         6.42         1.24 3A 1.00     4  2016
   235.800     43.7702    235.82173     43.76772     0      0.06020      0.10566      0.01473         3.75         1.33 3A 1.00     4  2016
   235.799     43.7645    235.81980     43.76160     0      0.03722      0.04410      0.03034         3.48         2.66 3A 1.00     4  2016
   235.798     43.7586    235.81858     43.75557     0      0.05654      0.12036      0.00000         8.89         3.24 3A 1.00     4  2016
   235.797     43.7528    235.81726     43.75028     0      0.04729      0.05454      0.04004         9.20         3.55 3A 1.00     4  2016
   235.796     43.7473    235.81630     43.74496     0      0.02180      0.07088      0.00000         7.77         2.14 3A 0.92     4  2016
   235.794     43.7418    235.81416     43.73889     0      0.03706      0.06159      0.01253         5.82         1.33 3A 1.00     4  2016
   235.792     43.7363    235.81288     43.73359     0      0.05576      0.06380      0.04771         7.76         3.55 3A 1.00     4  2016
   235.792     43.7304    235.81086     43.72749     0      0.04073      0.04981      0.03165         7.16         3.78 3A 1.00     4  2016
   235.789     43.7253    235.81014     43.72208     0      0.09828      0.12376      0.07281         8.13         3.06 3A 1.00     4  2016
   235.787     43.7202    235.80824     43.71695     0      0.05677      0.07009      0.04346         9.92         3.98 3A 1.00     4  2016
   235.784     43.7149    235.80657     43.71174     0      0.04263      0.05427      0.03098         5.60         3.64 3A 1.00     4  2016
   235.782     43.7093    235.80510     43.70566     0      0.06477      0.07691      0.05263         6.28         4.14 3A 1.00     4  2016
   235.780     43.7038    235.80355     43.70047     0      0.05378      0.09704      0.01051         7.25         3.29 3A 1.00     4  2016
   235.778     43.6983    235.80131     43.69441     0      0.03967      0.05410      0.02523         6.91         4.47 3A 1.00     4  2016
   235.776     43.6930    235.79935     43.68829     0      0.04596      0.06631      0.02560         3.67         3.10 3A 1.00     4  2016
   235.773     43.6880    235.79909     43.68741     0      0.05004      0.07608      0.02400         7.08         3.46 3A 1.00     4  2016
   235.772     43.6828    235.79777     43.68307     0      0.06654      0.11296      0.02013         5.26         3.34 3A 1.00     4  2016
   235.770     43.6776    235.79675     43.67861     0      0.05960      0.09104      0.02815         3.89         2.95 3A 0.97     4  2016
   235.768     43.6722    235.79383     43.67364     0      0.01977      0.03226      0.00728         6.28         4.03 3A 1.00     4  2016
   235.766     43.6665    235.78969     43.65894     0      0.04229      0.05708      0.02749         7.29         3.78 3A 1.00     4  2016
   235.766     43.6606    235.78940     43.65271     0      0.05168      0.06824      0.03511         8.79         2.67 3A 1.00     4  2016
   235.767     43.6548    235.78881     43.64831     0      0.05009      0.11202      0.00000         3.17         2.44 3A 1.00     4  2016
   235.768     43.6491    235.78897     43.64741     0      0.07782      0.16907      0.00000         7.69         3.20 3A 1.00     4  2016
   235.769     43.6432    235.78794     43.64209     0      0.04070      0.06104      0.02037         6.81         3.58 3A 1.00     4  2016
   235.768     43.6373    235.78680     43.63499     0      0.04803      0.06962      0.02644         7.26         3.64 3A 1.00     4  2016
   235.767     43.6317    235.78568     43.62968     0      0.04511      0.07396      0.01625         8.19         3.72 3A 1.00     4  2016
   235.764     43.6264    235.78478     43.62441     0      0.08171      0.12340      0.04001         4.37         0.97 3A 1.00     4  2016
   235.763     43.6207    235.78346     43.61824     0      0.08231      0.15624      0.00839         7.99         6.15 3A 1.00     4  2016
   235.762     43.6149    235.78224     43.61294     0      0.08695      0.20120      0.00000         6.78         0.95 3A 1.00     4  2016
   235.761     43.6090    235.78045     43.60645     0      0.07923      0.16700      0.00000         6.16         1.23 3A 1.00     4  2016
   235.761     43.6031    235.77894     43.60028     0      0.08815      0.20489      0.00000         8.54         1.10 3A 1.00     4  2016
   235.759     43.5974    235.77707     43.59507     0      0.05345      0.08472      0.02217         6.00         4.27 3A 1.00     4  2016
   235.757     43.5922    235.77546     43.58895     0      0.07515      0.19394      0.00000         8.41         1.13 3A 1.00     4  2016
   235.756     43.5866    235.77424     43.58365     0      0.10445      0.14216      0.06674         5.59         3.14 3A 0.99     4  2016
   235.753     43.5815    235.77228     43.57848     0      0.04665      0.05831      0.03498         6.68         3.37 3A 1.00     4  2016
   235.752     43.5757    235.77302     43.57190     0      0.05815      0.14226      0.00000         1.59         0.90 3A 1.00     4  2016
   235.752     43.5698    235.76909     43.56701     0      0.07171      0.12048      0.02293         2.16         0.91 3A 1.00     4  2016
   235.750     43.5645    235.76696     43.56094     0      0.06431      0.11093      0.01770         7.21         5.21 3A 1.00     4  2016
   235.747     43.5594    235.76479     43.55585     0      0.05534      0.07577      0.03491         7.62         4.78 3A 1.00     4  2016
   235.746     43.5536    235.76267     43.54983     0      0.05437      0.08288      0.02585         8.20         4.15 3A 1.00     4  2016
   235.744     43.5480    235.76108     43.54460     0      0.08873      0.15080      0.02666         4.34         3.19 3A 1.00     4  2016
   235.741     43.5433    235.75897     43.53952     0      0.06091      0.11701      0.00480         9.45         3.80 3A 1.00     4  2016
   235.739     43.5377    235.75704     43.53439     0      0.06243      0.10685      0.01801         3.67         3.34 3A 1.00     4  2016
   235.738     43.5321    235.75472     43.52838     0      0.07062      0.17439      0.00000         8.79         3.85 3A 1.00     4  2016
   235.735     43.5279    235.75313     43.52408     0      0.05839      0.09091      0.02588         7.63         4.48 3A 1.00     4  2016
   235.734     43.5222    235.75110     43.51894     0      0.05478      0.08092      0.02863         7.79         3.70 3A 1.00     4  2016
   235.732     43.5168    235.74867     43.51296     0      0.06599      0.16181      0.00000         8.78         3.92 3A 1.00     4  2016
   235.729     43.5120    235.74651     43.50787     0      0.05376      0.08435      0.02317         7.36         4.09 3A 1.00     4  2016
   235.727     43.5062    235.74409     43.50193     0      0.05251      0.07205      0.03296         5.50         4.00 3A 1.00     4  2016
   235.726     43.5006    235.74202     43.49680     0      0.09960      0.17661      0.02259         6.40         4.07 3A 1.00     4  2016
   235.722     43.4962    235.74053     43.49244     0      0.10747      0.17309      0.04185         8.36         5.11 3A 1.00     4  2016
   235.721     43.4906    235.73729     43.48664     0      0.04818      0.07634      0.02002         3.84         3.28 3A 1.00     4  2016
   235.718     43.4853    235.73532     43.48149     0      0.08255      0.10612      0.05897         5.41         3.70 3A 1.00     4  2016
   235.715     43.4806    235.73272     43.47646     0      0.04634      0.05912      0.03356         9.09         3.77 3A 1.00     4  2016
   235.714     43.4749    235.72997     43.47057     0      0.05519      0.14102      0.00000         7.24         4.42 3A 1.00     4  2016
   235.710     43.4706    235.72814     43.46632     0      0.05264      0.08677      0.01850         7.46         3.84 3A 1.00     4  2016
   235.708     43.4653    235.72588     43.46120     0      0.10409      0.18921      0.01898         1.95         1.27 3A 1.00     4  2016
   235.707     43.4602    235.72289     43.45627     0      0.04023      0.04405      0.03641         8.07         3.64 3A 1.00     4  2016
   235.704     43.4552    235.72042     43.45033     0      0.09098      0.23847      0.00000         6.27         3.43 3A 0.99     4  2016
   235.701     43.4503    235.71815     43.44614     0      0.06329      0.10636      0.02023         6.36         3.34 3A 1.00     4  2016
   235.698     43.4470    235.71567     43.44205     0      0.05227      0.06530      0.03924         7.93         4.06 3A 1.00     4  2016
   235.696     43.4415    235.71353     43.43691     0      0.07145      0.18358      0.00000         4.35         4.35 3A 1.00     4  2016
   235.694     43.4363    235.71041     43.43107     0      0.09515      0.20355      0.00000         4.29         1.39 3A 1.00     4  2016
   235.690     43.4317    235.70790     43.42700     0      0.05956      0.09360      0.02551         7.82         3.89 3A 1.00     4  2016
   235.686     43.4278    235.70545     43.42197     0      0.09558      0.18049      0.01067         7.70         3.42 3A 0.98     4  2016
   235.685     43.4224    235.70254     43.41701     0      0.06222      0.09085      0.03358         5.86         3.09 3A 0.98     4  2016
   235.682     43.4173    235.69905     43.41127     0      0.06579      0.10697      0.02460         6.81         3.45 3A 1.00     4  2016
   235.679     43.4122    235.69615     43.40635     0      0.04905      0.09104      0.00706         7.16         3.27 3A 1.00     4  2016
   235.675     43.4075    235.69310     43.40151     0      0.06167      0.09748      0.02585         3.52         3.18 3A 1.00     4  2016
   235.671     43.4034    235.69002     43.39668     0      0.07191      0.12265      0.02116         5.21         3.44 3A 1.00     4  2016
   235.668     43.3993    235.68732     43.39268     0      0.05310      0.06173      0.04447         6.33         4.19 3A 1.00     4  2016
   235.664     43.3945    235.68366     43.38703     0      0.08358      0.13502      0.03215         6.91         3.01 3A 1.00     4  2016
   235.660     43.3906    235.68069     43.38313     0      0.05497      0.07609      0.03384         7.01         4.01 3A 1.00     4  2016
   235.656     43.3866    235.67729     43.37840     0      0.05076      0.08358      0.01794         7.15         3.89 3A 1.00     4  2016
   235.652     43.3818    235.67398     43.37364     0      0.05370      0.09377      0.01362         6.64         3.40 3A 1.00     4  2016
   235.647     43.3790    235.67245     43.37117     0      0.06855      0.09190      0.04520         8.30         5.75 3A 1.00     4  2016
   235.644     43.3746    235.66754     43.36494     0      0.03345      0.05830      0.00860         6.90         3.58 3A 1.00     4  2016
   235.638     43.3729    235.66257     43.35874     0      0.02631      0.04020      0.01242         6.33         2.99 3A 1.00     4  2016
   235.633     43.3703    235.65225     43.34666     0      0.04255      0.08094      0.00415         1.53         1.38 3A 1.00     4  2016
   235.627     43.3679    235.64549     43.34299     0      0.03780      0.06734      0.00825         5.66         2.58 3A 1.00     4  2016
   235.623     43.3645    235.63719     43.34104     0      0.09140      0.17875      0.00406        14.60         3.16 2A 1.00     4  2016
   235.620     43.3595    235.62928     43.33871     0      0.08982      0.12539      0.05425        14.03         3.50  5 1.00     4  2016
   235.614     43.3445    235.62743     43.33504     0      0.05561      0.13999      0.00000         6.39         3.72  5 1.00     4  2016
   235.611     43.3396    235.62695     43.33335     0      0.08127      0.15154      0.01100         3.93         1.98  5 1.00     4  2016
   235.607     43.3356    235.62235     43.33278     0      0.09752      0.13520      0.05983        22.49         1.83 2A 0.99     4  2016
   235.605     43.3314    235.61468     43.33047     0      0.07975      0.21106      0.00000        18.97         1.69 2A 0.88     4  2016
   235.601     43.3279    235.61258     43.32315     2      2.43651          NaN          NaN        20.57         0.00 2A 0.66     4  2016
   235.597     43.3238    235.60700     43.31825     0      0.10325      0.18289      0.02361        21.13         6.84 2A 1.00     4  2016
   235.593     43.3191    235.60466     43.31301     0      0.12940      0.20360      0.05520        29.05         3.11 6A 1.00     4  2016
   235.589     43.3151    235.60282     43.30913     0      0.09406      0.15581      0.03230        24.53         2.91 2A 1.00     4  2016
   235.587     43.3098    235.59864     43.30802     0      0.07937      0.17782      0.00000        10.85         4.17 2A 1.00     4  2016
   235.588     43.3040    235.59954     43.30506     0      0.14033      0.24013      0.04053         4.94         3.12 2A 1.00     4  2016
   235.588     43.2923    235.60820     43.29592     0      0.12359      0.19841      0.04876        29.02         6.03 6D 1.00     4  2016
   235.588     43.2864    235.61127     43.28963     0      0.07388      0.09467      0.05308        26.25         6.61 2A 1.00     4  2016
   235.589     43.2806    235.61227     43.28282     0      0.06889      0.21491      0.00000         5.27         2.49 2A 0.99     4  2016
   235.589     43.2747    235.61365     43.27529     2      1.68301          NaN          NaN        20.18        -0.00 2A 0.64     4  2016
   235.588     43.2689    235.61601     43.26860     0      0.01829      0.02616      0.01043         4.03         3.04 3A 1.00     4  2016
   235.587     43.2630    235.61417     43.26161     0      0.02672      0.03515      0.01829        18.61         3.29 3A 1.00     4  2016
   235.588     43.2571    235.61267     43.25469     0      0.02405      0.05786      0.00000         3.66         2.64 3A 1.00     4  2016
   235.587     43.2512    235.61099     43.24763     0      0.07617      0.14012      0.01221        24.39         3.85 6A 1.00     4  2016
   235.585     43.2456    235.60913     43.24150     0      0.02831      0.03972      0.01691        26.09         2.93 1A 1.00     4  2016
   235.584     43.2400    235.60790     43.23525     0      0.03773      0.05411      0.02134        17.01         2.62 1A 1.00     4  2016
   235.583     43.2341    235.60660     43.23089     0      0.04985      0.06122      0.03848        17.81         2.86 1A 1.00     4  2016
   235.583     43.2282    235.60476     43.22566     0      0.03344      0.04774      0.01914        14.73         3.46 6A 1.00     4  2016
   235.582     43.2224    235.60265     43.22050     0      0.07084      0.22441      0.00000        23.36         3.61 6A 1.00     4  2016
   235.581     43.2165    235.60422     43.21455     0      0.03537      0.04491      0.02583         4.63         3.49 3A 1.00     4  2016
   235.581     43.2106    235.60375     43.20828     0      0.03171      0.03943      0.02400         3.54         3.27 3A 1.00     4  2016
   235.579     43.2049    235.60227     43.20216     0      0.02344      0.03547      0.01140         4.92         3.17 3A 1.00     4  2016
   235.578     43.1991    235.60113     43.19595     0      0.03975      0.04343      0.03607        29.17         3.45 3A 1.00     4  2016
   235.577     43.1936    235.59912     43.18987     0      0.03217      0.05080      0.01354        14.59         3.62 3A 1.00     4  2016
   235.576     43.1878    235.59719     43.18383     0      0.01918      0.04610      0.00000         6.85         3.06 3A 1.00     4  2016
   235.575     43.1819    235.59492     43.17789     0      0.03103      0.04260      0.01945         6.56         2.51 3A 1.00     4  2016
   235.573     43.1763    235.59296     43.17274     0      0.03282      0.04702      0.01862         6.87         3.60 3A 1.00     4  2016
   235.571     43.1710    235.59114     43.16662     0      0.08529      0.10963      0.06096         8.44         3.45 3B 0.99     4  2016
   235.569     43.1654    235.58925     43.16146     0      0.09019      0.14186      0.03852         8.16         1.00 3A 1.00     4  2016
   235.567     43.1598    235.58683     43.15541     0      0.08244      0.12281      0.04208         8.54         3.86 3A 1.00     4  2016
   235.563     43.1550    235.58477     43.15024     0      0.06739      0.10081      0.03397         9.04         3.37 3A 1.00     4  2016
   235.561     43.1499    235.58317     43.14591     0      0.06404      0.08694      0.04114         6.32         4.53 3A 1.00     4  2016
   235.556     43.1463    235.58150     43.14159     0      0.04596      0.08002      0.01190         5.81         3.47 3A 1.00     4  2016
   235.554     43.1408    235.57938     43.13557     0      0.05546      0.09109      0.01982         6.52         3.79 3A 1.00     4  2016
   235.553     43.1351    235.57733     43.12950     0      0.06369      0.08840      0.03899         5.74         2.97 3A 0.96     4  2016
   235.551     43.1296    235.57121     43.12208     0      0.07282      0.15864      0.00000         5.31         0.89 3A 1.00     4  2016
   235.544     43.1132    235.56585     43.11015     0      0.03701      0.05373      0.02028        11.90         3.98 3A 1.00     4  2016
   235.545     43.1016    235.56669     43.10103     0      0.04054      0.06355      0.01753         5.84         3.05 3A 1.00     4  2016
   235.546     43.0957    235.56618     43.09475     0      0.03704      0.04828      0.02580         5.42         3.51 3A 1.00     4  2016
   235.546     43.0898    235.56486     43.08857     0      0.03993      0.05054      0.02931         4.90         2.80 3A 1.00     4  2016
   235.546     43.0839    235.56416     43.08246     0      0.03317      0.04643      0.01991         4.66         4.14 3A 1.00     4  2016
   235.546     43.0780    235.56335     43.07620     0      0.02952      0.05248      0.00657         9.02         3.60 3A 1.00     4  2016
   235.544     43.0724    235.56252     43.07026     0      0.08200      0.16026      0.00374         7.23         4.55 3A 1.00     4  2016
   235.542     43.0667    235.56093     43.06499     0      0.04223      0.06414      0.02032         5.23         1.39 3A 1.00     4  2016
   235.542     43.0608    235.55949     43.05880     0      0.06511      0.19010      0.00000         5.75         1.77 3A 1.00     4  2016
   235.540     43.0550    235.55908     43.05343     0      0.01015      0.01147      0.00883         4.33         3.57 3A 1.00     4  2016
   235.539     43.0493    235.55660     43.04640     0      0.03672      0.05648      0.01695         3.67         1.40 3A 1.00     4  2016
   235.537     43.0436    235.55477     43.04023     0      0.05799      0.16603      0.00000         2.27         1.38 3A 1.00     4  2016
   235.536     43.0379    235.55264     43.03417     0      0.04872      0.08854      0.00889         6.80         3.88 3A 1.00     4  2016
   235.534     43.0321    235.55080     43.02898     0      0.04601      0.08541      0.00661         4.57         1.41 3A 1.00     4  2016
   235.533     43.0263    235.54912     43.02377     0      0.04264      0.08052      0.00476         2.99         2.17 3A 1.00     4  2016
   235.530     43.0214    235.54696     43.01770     0      0.07665      0.15562      0.00000         7.40         5.18 3A 1.00     4  2016
   235.528     43.0156    235.54499     43.01253     0      0.05597      0.08992      0.02201         4.09         1.95 3A 1.00     4  2016
   235.527     43.0098    235.54273     43.00646     0      0.07932      0.16200      0.00000         6.91         5.45 3A 1.00     4  2016
   235.525     43.0044    235.54064     43.00131     0      0.05544      0.10316      0.00771         5.00         2.09 3A 1.00     4  2016
   235.523     42.9989    235.53845     42.99528     0      0.07631      0.17173      0.00000         3.88         2.38 3A 1.00     4  2016
   235.521     42.9932    235.53618     42.99015     0      0.06342      0.11098      0.01586         6.77         1.85 3A 1.00     4  2016
   235.518     42.9880    235.53373     42.98412     0      0.06051      0.13621      0.00000         3.90         2.53 3A 1.00     4  2016
   235.516     42.9827    235.53101     42.97910     0      0.06617      0.12871      0.00364         2.88         1.41 3A 1.00     4  2016
   235.513     42.9776    235.52868     42.97400     0      0.05137      0.19692      0.00000         3.06         1.30 3A 1.00     4  2016
   235.510     42.9722    235.52654     42.96883     0      0.06071      0.17283      0.00000         3.06         1.38 3A 1.00     4  2016
   235.509     42.9666    235.52419     42.96374     0      0.07058      0.16527      0.00000         3.06         2.97 3A 1.00     4  2016
   235.505     42.9619    235.52163     42.95773     0      0.10190      0.17331      0.03048         5.53         3.59 3A 1.00     4  2016
   235.504     42.9562    235.51847     42.95174     0      0.04741      0.11861      0.00000         4.68         1.97 3A 1.00     4  2016
   235.502     42.9510    235.51600     42.94666     0      0.08027      0.15760      0.00295         3.94         1.64 3A 1.00     4  2016
   235.498     42.9469    235.51334     42.94163     0      0.05568      0.12853      0.00000         2.19         1.04 3A 1.00     4  2016
   235.495     42.9416    235.51106     42.93746     0      0.07091      0.10669      0.03513         4.49         1.46 3A 1.00     4  2016
   235.491     42.9377    235.50840     42.93243     0      0.08718      0.10660      0.06777         6.64         4.49  4 1.00     4  2016
   235.489     42.9322    235.50531     42.92663     0      0.07378      0.12945      0.01811         6.57         2.83  4 1.00     4  2016
   235.486     42.9273    235.50238     42.92168     0      0.07480      0.09435      0.05525         7.55         3.05  4 1.00     4  2016
   235.483     42.9220    235.50156     42.91609     0      0.06864      0.20889      0.00000         3.29         1.05  4 1.00     4  2016
   235.479     42.9174    235.49599     42.91195     0      0.07384      0.09223      0.05545         7.34         6.44  4 1.00     4  2016
   235.476     42.9129    235.49274     42.90712     0      0.08130      0.23738      0.00000         5.10         1.42  4 1.00     4  2016
   235.471     42.9086    235.48897     42.90146     0      0.08800      0.16386      0.01214         7.36         6.66  4 1.00     4  2016
   235.468     42.9041    235.48517     42.89581     0      0.10061      0.16626      0.03496         6.49         5.22  4 1.00     4  2016
   235.463     42.8998    235.48141     42.89015     0      0.06038      0.10034      0.02042        12.47         4.78  4 1.00     4  2016
   235.459     42.8963    235.47772     42.88451     0      0.10146      0.16416      0.03876        24.89         3.97 1A 1.00     4  2016
   235.454     42.8929    235.47524     42.88140     0      0.12552      0.20806      0.04299        31.34         3.39 1A 1.00     4  2016
   235.449     42.8892    235.47109     42.87900     0      0.13710      0.17716      0.09704        23.79         7.47 2A 1.00     4  2016
   235.445     42.8853    235.46587     42.87545     1      0.69857      1.07743      0.31970        28.95        -0.00 6D 0.80     4  2016
   235.442     42.8806    235.46521     42.87384     0      0.12235      0.24854      0.00000         9.87         1.13 6D 0.87     4  2016
   235.437     42.8773    235.46431     42.86663     0      0.08277      0.13465      0.03088         3.26         1.32  4 1.00     4  2016
   235.433     42.8726    235.46146     42.85976     0      0.07687      0.12683      0.02690         6.97         4.08  4 1.00     4  2016
   235.429     42.8682    235.45497     42.85147     0      0.12024      0.20575      0.03473         4.92         1.87  5 1.00     4  2016
   235.425     42.8640    235.45130     42.84586     0      0.09831      0.11793      0.07870        11.25         3.86 6A 1.00     4  2016
   235.422     42.8591    235.44707     42.84054     0      0.08397      0.15073      0.01721        15.42         4.48 6A 1.00     4  2016
   235.419     42.8542    235.43962     42.83782     0      0.08061      0.13818      0.02304        13.09         2.32 6A 1.00     4  2016
   235.411     42.8384    235.43467     42.83881     0      0.12235      0.27185      0.00000        12.35         5.49 6D 0.99     4  2016
   235.407     42.8184    235.43798     42.83361     2      1.82661          NaN          NaN        14.90         0.00 2A 0.65     4  2016
   235.411     42.8153    235.44013     42.83366     0      0.03323      0.05050      0.01595         6.31         3.42 3A 1.00     4  2016
   235.416     42.8126    235.44309     42.83280     0      0.04420      0.06467      0.02374         5.67         3.51 3A 1.00     4  2016
   235.413     42.8077    235.44594     42.83115     0      0.04021      0.05476      0.02567        21.57         2.50  5 1.00     4  2016
   235.449     42.7887    235.47569     42.78784     0      0.08980      0.14876      0.03083         4.54         1.39 3A 1.00     4  2016
   235.454     42.7858    235.47626     42.78520     0      0.06920      0.12582      0.01258         7.97         4.35 3A 1.00     4  2016
   235.456     42.7804    235.47641     42.78341     0      0.05841      0.07152      0.04531         8.82         4.95 3A 1.00     4  2016
   235.459     42.7752    235.47788     42.77814     0      0.09243      0.14390      0.04096        13.86         6.35 3A 1.00     4  2016
   235.460     42.7695    235.47902     42.77193     0      0.08588      0.09725      0.07452        22.56         6.73 3A 1.00     4  2016
   235.461     42.7637    235.48072     42.76580     0      0.08927      0.11456      0.06398        27.32         6.81 3A 1.00     4  2016
   235.463     42.7582    235.48251     42.75964     0      0.10791      0.20413      0.01170         8.21         6.96 3A 1.00     4  2016
   235.465     42.7529    235.48459     42.75358     0      0.11640      0.20403      0.02877         6.85         5.80 3A 1.00     4  2016
   235.468     42.7478    235.48681     42.74751     0      0.07736      0.15913      0.00000         2.38         1.41 3A 1.00     4  2016
   235.471     42.7424    235.48598     42.74183     0      0.09995      0.23364      0.00000        23.45         1.96 2A 0.65     4  2016
   235.474     42.7378    235.48480     42.73715     0      0.09345      0.10316      0.08374        24.45         3.06 2A 1.00     4  2016
   235.478     42.7334    235.48816     42.73517     0      0.08858      0.13902      0.03815        30.01         2.38 6D 1.00     4  2016
   235.482     42.7296    235.48729     42.73286     0      0.10599      0.10599      0.10599        17.14         2.34 1A 1.00     4  2016
   235.488     42.7277    235.49170     42.73620     2      3.39142          NaN          NaN        18.63        -0.00 1A 0.60     4  2016
   235.494     42.7273    235.49837     42.73988     0      0.11029      0.26417      0.00000        14.25         3.38 1A 1.00     4  2016
   235.500     42.7255    235.50628     42.74173     0      0.10471      0.28406      0.00000         7.67         2.93 1A 1.00     4  2016
   235.505     42.7229    235.51734     42.73768     0      0.11837      0.17870      0.05804        28.38         3.94  5 1.00     4  2016
   235.510     42.7205    235.52607     42.73287     0      0.08327      0.11213      0.05441        14.88         5.25 6A 1.00     4  2016
   235.515     42.7176    235.53121     42.72575     0      0.10273      0.12621      0.07924        14.20         4.34 6A 1.00     4  2016
   235.519     42.7129    235.53291     42.71932     0      0.12506      0.18858      0.06153        19.40         4.02 2A 1.00     4  2016
   235.522     42.7078    235.53775     42.71375     0      0.12336      0.16314      0.08359        12.56         2.43 6A 1.00     4  2016
   235.522     42.7020    235.54052     42.70786     0      0.10182      0.16320      0.04043        26.26         3.73 1A 1.00     4  2016
   235.524     42.6967    235.54143     42.70168     0      0.15301      0.20848      0.09754        18.31         4.64 2A 1.00     4  2016
   235.529     42.6926    235.54520     42.69612     0      0.12893      0.13605      0.12181        23.52         3.95 2A 1.00     4  2016
   235.533     42.6883    235.54930     42.69144     0      0.11560      0.19554      0.03566        10.02         5.30  5 1.00     4  2016
   235.536     42.6832    235.55215     42.68659     0      0.07782      0.18737      0.00000        20.33         4.91 3A 1.00     4  2016
   235.537     42.6775    235.55086     42.68162     0      0.07775      0.16525      0.00000        26.30         6.23 6A 1.00     4  2016
   235.541     42.6731    235.54836     42.67711     0      0.11853      0.18070      0.05636        27.97         6.38 1A 1.00     4  2016
   235.545     42.6684    235.55258     42.67437     0      0.11865      0.12682      0.11049         7.23         5.06 2A 1.00     4  2016
   235.550     42.6657    235.55628     42.67278     0      0.10535      0.15926      0.05145        24.35         5.36 1A 0.66     4  2016
   235.555     42.6628    235.56283     42.67087     0      0.14171      0.20898      0.07443        26.25         5.36 6D 0.94     4  2016
   235.559     42.6591    235.57067     42.66694     0      0.15735      0.19716      0.11754        23.58         3.46 2A 1.00     4  2016
   235.564     42.6568    235.57978     42.66257     0      0.13175      0.14019      0.12332        24.43         3.69 6A 1.00     4  2016
   235.569     42.6530    235.58656     42.65803     0      0.10626      0.14906      0.06345        25.36         5.55 1A 1.00     4  2016
   235.573     42.6489    235.58962     42.65120     0      0.10508      0.14908      0.06107        18.26         4.89 1A 1.00     4  2016
   235.575     42.6435    235.58637     42.64558     0      0.11687      0.19931      0.03443         8.16         5.67 1A 1.00     4  2016
   235.577     42.6380    235.58977     42.63999     0      0.11042      0.20477      0.01606        13.91         2.47 6A 1.00     4  2016
   235.579     42.6324    235.59424     42.63434     1      0.40541      0.47318      0.33764        29.05        -0.00 6A 0.91     4  2016
   235.582     42.6271    235.59694     42.62840     0      0.11035      0.24328      0.00000        15.76         3.42 2A 0.96     4  2016
   235.582     42.6212    235.59836     42.62110     2      1.37784          NaN          NaN        30.27        -0.00 2A 0.68     4  2016
   235.582     42.6153    235.60007     42.61503     0      0.09938      0.14241      0.05634         2.90         1.08  5 1.00     4  2016
   235.582     42.6094    235.59955     42.60804     0      0.11686      0.18931      0.04440        24.30         5.02 6A 1.00     4  2016
   235.583     42.6035    235.59880     42.60187     0      0.12537      0.19722      0.05353        15.37         4.72 6A 1.00     4  2016
   235.584     42.5977    235.59923     42.59780     0      0.09409      0.15297      0.03522         9.75         2.99 6A 1.00     4  2016
   235.584     42.5919    235.59194     42.59417     2      2.45668          NaN          NaN        27.18         0.00 1A 0.66     4  2016
   235.583     42.5860    235.60088     42.59124     0      0.11775      0.18032      0.05518        23.63         5.97 6A 1.00     4  2016
   235.585     42.5803    235.60622     42.58283     0      0.12840      0.21328      0.04351        25.48         5.73  5 1.00     4  2016
   235.584     42.5745    235.60820     42.57632     0      0.10466      0.29313      0.00000        29.58         4.44  4 1.00     4  2016
   235.584     42.5688    235.60853     42.56833     0      0.05651      0.12274      0.00000         6.99         4.08  4 1.00     4  2016
   235.583     42.5633    235.60695     42.56124     0      0.06727      0.14480      0.00000         1.73         1.43  4 1.00     4  2016
   235.581     42.5575    235.60557     42.55504     0      0.07173      0.16156      0.00000         2.50         1.44  4 1.00     4  2016
   235.580     42.5518    235.60264     42.54903     0      0.12124      0.18439      0.05810         3.61         1.44  4 1.00     4  2016
   235.579     42.5460    235.60086     42.54293     0      0.05917      0.06310      0.05524         8.05         5.38  4 1.00     4  2016
   235.575     42.5412    235.59862     42.53690     0      0.06979      0.15108      0.00000         7.60         5.74  4 1.00     4  2016
   235.572     42.5364    235.59651     42.53173     0      0.12172      0.26820      0.00000         6.99         2.22 6B 0.90     4  2016
   235.568     42.5318    235.59483     42.52554     0      0.12299      0.17452      0.07146        29.08         4.57 6B 1.00     4  2016
   235.566     42.5266    235.59183     42.51874     0      0.12586      0.22654      0.02519        20.61         4.30 6B 1.00     4  2016
   235.565     42.5209    235.58828     42.51306     0      0.08153      0.14510      0.01795        23.06         4.35  5 1.00     4  2016
   235.563     42.5154    235.58500     42.50731     0      0.07919      0.10041      0.05798        17.13         3.63  5 1.00     4  2016
   235.561     42.5100    235.58280     42.50319     0      0.05388      0.08736      0.02041        21.85         4.04  5 1.00     4  2016
   235.557     42.5059    235.58110     42.49979     0      0.12577      0.23551      0.01603         5.93         2.88  5 1.00     4  2016
   235.557     42.5000    235.57789     42.49595     0      0.10337      0.18287      0.02388         9.98         1.02 2A 0.93     4  2016
   235.557     42.4941    235.58058     42.49052     0      0.12023      0.23971      0.00076        20.13         2.26 6A 1.00     4  2016
   235.556     42.4883    235.57858     42.48452     0      0.13050      0.15246      0.10854         3.88         3.04 2A 1.00     4  2016
   235.554     42.4836    235.57702     42.47861     0      0.13855      0.25819      0.01892        22.30         0.74 2A 0.70     4  2016
   235.551     42.4789    235.57697     42.47612     0      0.13027      0.20986      0.05068        14.92         2.75 6A 0.82     4  2016
   235.550     42.4732    235.57830     42.47365     0      0.14867      0.21105      0.08628        16.97         4.58 6A 1.00     4  2016
   235.546     42.4690    235.57755     42.46684     0      0.11431      0.19711      0.03151        15.08         2.73 6A 1.00     4  2016
   235.540     42.4666    235.57487     42.46254     0      0.06865      0.15029      0.00000        21.37         2.61 2A 1.00     4  2016
   235.535     42.4652    235.57662     42.45787     0      0.02478      0.03935      0.01022         4.43         2.79  5 1.00     4  2016
   235.529     42.4645    235.57481     42.45554     0      0.02365      0.04330      0.00400         4.55         3.16  5 1.00     4  2016
   235.523     42.4641    235.57312     42.45319     0      0.04289      0.05724      0.02853         6.78         3.12  5 1.00     4  2016
   235.517     42.4631    235.57112     42.45092     0      0.03377      0.04131      0.02623         3.53         3.16  5 1.00     4  2016
   235.511     42.4622    235.56954     42.44849     0      0.03760      0.05570      0.01950         6.37         3.11  5 1.00     4  2016
   235.506     42.4604    235.56810     42.44602     0      0.03732      0.05020      0.02444         5.00         3.25  5 1.00     4  2016
   235.500     42.4580    235.56684     42.44451     0      0.04586      0.05964      0.03208         2.81         1.89  5 0.99     4  2016
   235.496     42.4549    235.56602     42.44281     0      0.05975      0.08005      0.03944         5.12         3.02  5 1.00     4  2016
   235.499     42.4496    235.56518     42.44121     0      0.06323      0.07347      0.05299         5.22         2.31  5 0.98     4  2016
   235.501     42.4442    235.56438     42.43858     0      0.04369      0.05815      0.02924         6.19         4.60  5 1.00     4  2016
   235.504     42.4390    235.56484     42.43598     0      0.05631      0.09708      0.01554         7.08         3.51  5 1.00     4  2016
   235.507     42.4337    235.56583     42.43337     0      0.08198      0.15498      0.00898         4.01         1.73  5 1.00     4  2016
   235.510     42.4290    235.56665     42.43075     0      0.06590      0.13013      0.00167         3.04         1.94  5 1.00     4  2016
   235.513     42.4238    235.56758     42.42813     0      0.08206      0.14026      0.02386         4.95         4.43  5 1.00     4  2016
   235.517     42.4196    235.56849     42.42554     0      0.06519      0.09447      0.03591         3.19         2.48  5 1.00     4  2016
   235.522     42.4158    235.56952     42.42295     0      0.04578      0.09570      0.00000         4.90         3.23  5 1.00     4  2016
   235.526     42.4119    235.57153     42.41700     0      0.05695      0.12904      0.00000         4.37         3.62  5 1.00     4  2016
   235.530     42.4077    235.57330     42.41088     0      0.04607      0.10133      0.00000         0.94         0.83  5 1.00     4  2016
   235.535     42.4040    235.57368     42.40641     0      0.05519      0.12053      0.00000         4.75         4.29  5 1.00     4  2016
   235.539     42.4001    235.57403     42.40281     0      0.04160      0.13122      0.00000         4.59         1.65  5 1.00     4  2016
   235.543     42.3956    235.57447     42.39651     0      0.05488      0.09441      0.01535         2.63         1.43  5 1.00     4  2016
   235.546     42.3904    235.57533     42.39032     0      0.10962      0.16094      0.05829         2.50         0.79  5 1.00     4  2016
   235.547     42.3847    235.57561     42.38401     0      0.08876      0.12850      0.04903         6.30         5.80  5 0.97     4  2016
   235.548     42.3787    235.57546     42.37773     0      0.08166      0.13409      0.02923         4.59         2.07  5 1.00     4  2016
   235.548     42.3728    235.57479     42.37238     0      0.02515      0.05783      0.00000         7.28         1.30  5 1.00     4  2016
   235.548     42.3669    235.57440     42.36522     0      0.06567      0.19558      0.00000         2.03         1.69  5 1.00     4  2016
   235.548     42.3610    235.57393     42.35804     0      0.03419      0.05760      0.01077         6.91         3.62  5 1.00     4  2016
   235.549     42.3551    235.57323     42.35178     0      0.04157      0.06529      0.01785         6.74         6.00  5 1.00     4  2016
   235.549     42.3492    235.57265     42.34555     0      0.04360      0.08273      0.00448        19.52         5.26  5 1.00     4  2016
   235.549     42.3432    235.57158     42.33946     0      0.10157      0.19083      0.01232        10.24         1.06 1A 0.80     4  2016
   235.551     42.3376    235.57182     42.33430     0      0.10978      0.23448      0.00000         9.39         5.32  5 0.73     4  2016
   235.553     42.3322    235.56847     42.32953     0      0.11801      0.15771      0.07831        29.38         1.97 6D 1.00     4  2016
   235.555     42.3266    235.56856     42.32659     2     14.34758          NaN          NaN        59.57         0.00 1A 0.69     4  2016
   235.556     42.3208    235.56734     42.32324     0      0.08166      0.12706      0.03626        13.12         5.18 2A 1.00     4  2016
   235.558     42.3154    235.57352     42.31979     0      0.06899      0.07806      0.05992        22.31         4.07 2A 1.00     4  2016
   235.560     42.3099    235.58095     42.31860     0      0.09839      0.27589      0.00000        15.41         1.43 3A 0.83     4  2016
   235.562     42.3042    235.58465     42.31214     0      0.05846      0.07943      0.03749         6.83         2.48 6B 0.97     4  2016
   235.566     42.2999    235.58866     42.30540     0      0.03680      0.05424      0.01935         6.08         2.09 3A 0.99     4  2016
   235.569     42.2953    235.58903     42.29964     0      0.04085      0.06069      0.02101        13.99         3.56 3A 1.00     4  2016
   235.572     42.2903    235.59065     42.29355     0      0.04697      0.05888      0.03507         6.76         3.70 3A 1.00     4  2016
   235.574     42.2849    235.59136     42.28636     0      0.05886      0.11381      0.00392         4.23         2.52 3A 1.00     4  2016
   235.575     42.2791    235.59119     42.27649     0      0.06747      0.23934      0.00000         2.68         1.40 3A 1.00     4  2016
   235.575     42.2732    235.59184     42.27022     0      0.06868      0.09662      0.04075         5.81         2.66 3A 0.94     4  2016
   235.575     42.2673    235.59098     42.26400     0      0.07030      0.07871      0.06190        16.79         5.33 3A 1.00     4  2016
   235.575     42.2615    235.59091     42.26038     0      0.09616      0.11676      0.07555        11.35         4.70 3A 1.00     4  2016
   235.575     42.2556    235.58941     42.25524     0      0.06144      0.09760      0.02528        13.62         4.18 3A 1.00     4  2016
   235.575     42.2497    235.58574     42.25157     0      0.09494      0.20124      0.00000        13.13         2.45 2A 0.99     4  2016
   235.576     42.2439    235.59037     42.24898     0      0.06418      0.12967      0.00000        13.30         3.09  5 1.00     4  2016
   235.579     42.2386    235.59398     42.24678     0      0.07146      0.11037      0.03255        17.80         2.34  5 0.99     4  2016
   235.582     42.2339    235.59768     42.24321     0      0.10801      0.20419      0.01184        21.43         3.11  5 1.00     4  2016
   235.586     42.2289    235.60359     42.23866     0      0.11379      0.17428      0.05331        17.82         3.91  5 1.00     4  2016
   235.590     42.2250    235.60927     42.23295     0      0.08646      0.16427      0.00864        21.27         6.03 2A 1.00     4  2016
   235.594     42.2211    235.61442     42.22807     0      0.13887      0.25811      0.01964        14.55         3.25 6A 1.00     4  2016
   235.599     42.2173    235.61967     42.22176     0      0.13788      0.16582      0.10994        20.60         3.91 2A 1.00     4  2016
   235.602     42.2126    235.62326     42.21559     0      0.07909      0.12392      0.03426         4.74         2.82  5 1.00     4  2016
   235.604     42.2076    235.62224     42.20956     2      3.15750          NaN          NaN        33.41        -0.00 1A 0.67     4  2016
   235.607     42.2023    235.62496     42.20598     0      0.13445      0.19449      0.07442        19.69         3.80 1A 1.00     4  2016
   235.610     42.1970    235.62485     42.20020     2      2.70227          NaN          NaN        17.07         0.00 1A 0.65     4  2016
   235.613     42.1920    235.62740     42.19509     0      0.09272      0.15560      0.02984        13.52         2.09 2A 0.97     4  2016
   235.616     42.1873    235.63306     42.18883     0      0.10049      0.15419      0.04679        25.57         0.90 1A 0.70     4  2016
   235.619     42.1820    235.63642     42.18312     0      0.09747      0.25118      0.00000        30.57         4.65 2A 1.00     4  2016
   235.621     42.1766    235.63762     42.17584     0      0.04752      0.08621      0.00884        17.39         3.67 6A 1.00     4  2016
   235.622     42.1708    235.63546     42.16846     2      1.63805          NaN          NaN        25.74         0.00 1A 0.68     4  2016
   235.623     42.1650    235.63884     42.16332     0      0.06555      0.12015      0.01096        29.21         4.41 2A 1.00     4  2016
   235.624     42.1591    235.63523     42.15834     2      2.10589          NaN          NaN        24.81        -0.00 1A 0.67     4  2016
   235.624     42.1532    235.63514     42.15389     0      0.10517      0.16543      0.04491        22.96         3.25 1A 1.00     4  2016
   235.626     42.1476    235.63761     42.14878     0      0.12477      0.13433      0.11521        17.91         1.60 1A 0.98     4  2016
   235.629     42.1423    235.63861     42.14409     2      2.15130          NaN          NaN        11.53         0.00 1A 0.65     4  2016
   235.630     42.1366    235.64447     42.13925     0      0.04940      0.06943      0.02937        26.44         4.34 3A 1.00     4  2016
   235.631     42.1310    235.64789     42.13182     0      0.06992      0.10153      0.03831        12.76         4.07  5 1.00     4  2016
   235.632     42.1252    235.64591     42.12445     2      0.78028          NaN          NaN        45.03         0.00 2A 0.68     4  2016
   235.632     42.1193    235.64370     42.11933     2      1.63148          NaN          NaN        22.23         0.00 1A 0.68     4  2016
   235.631     42.1134    235.64387     42.11347     2      2.28906          NaN          NaN        30.61        -0.00 1A 0.65     4  2016
   235.633     42.1076    235.64909     42.11056     0      0.14403      0.20647      0.08159        10.48         3.74 2A 1.00     4  2016
   235.635     42.1022    235.64800     42.10554     0      0.11137      0.26286      0.00000        21.41         3.80 2A 1.00     4  2016
   235.638     42.0974    235.64872     42.10071     0      0.10034      0.21424      0.00000         2.90         1.98 2A 0.96     4  2016
   235.642     42.0926    235.65599     42.09968     0      0.06969      0.10312      0.03626         6.83         5.10 3A 1.00     4  2016
   235.646     42.0881    235.65706     42.09568     0      0.06725      0.17882      0.00000        29.17         4.13 1A 0.96     4  2016
   235.650     42.0844    235.66077     42.09163     0      0.11219      0.19117      0.03322        19.07         3.57  5 1.00     4  2016
   235.655     42.0806    235.66563     42.08711     0      0.11217      0.14867      0.07566        28.25         3.39 6D 1.00     4  2016
   235.660     42.0771    235.67268     42.08459     0      0.07834      0.08505      0.07163        18.10         5.95 6A 1.00     4  2016
   235.664     42.0730    235.67710     42.07954     0      0.10139      0.22736      0.00000         6.21         3.02 2A 1.00     4  2016
   235.667     42.0682    235.67965     42.07426     0      0.11200      0.22139      0.00261        19.41         3.24 2A 1.00     4  2016
   235.675     42.0599    235.68996     42.06608     0      0.05677      0.12971      0.00000         9.21         2.97 6A 1.00     4  2016
   235.680     42.0561    235.69622     42.06137     0      0.06337      0.13169      0.00000         4.73         2.87  5 1.00     4  2016
   235.684     42.0517    235.69996     42.05620     0      0.13205      0.19464      0.06945        10.94         3.82 2A 1.00     4  2016
   235.685     42.0460    235.70065     42.05189     2          NaN          NaN          NaN        10.17         1.24 2A 0.68     4  2016
   235.687     42.0405    235.70365     42.04823     0      0.09365      0.17342      0.01389        11.51         2.52 2A 0.91     4  2016
   235.690     42.0356    235.70536     42.04831     0      0.07351      0.27535      0.00000        24.97         2.15 2A 0.99     4  2016
   235.693     42.0305    235.71056     42.04769     0      0.06691      0.14285      0.00000        18.62         2.28  5 1.00     4  2016
   235.697     42.0256    235.71050     42.04422     0      0.08116      0.12989      0.03244        11.67         2.26 2A 0.99     4  2016
   235.700     42.0211    235.71763     42.04585     0      0.12348      0.19928      0.04767        20.09         2.64 2A 1.00     4  2016
   235.705     42.0177    235.72518     42.04653     0      0.14027      0.20910      0.07144        21.32         2.53 2A 1.00     4  2016
   235.710     42.0140    235.73548     42.04078     0      0.05700      0.13189      0.00000        22.36         6.89  5 1.00     4  2016
   235.714     42.0100    235.74053     42.03478     0      0.08354      0.11991      0.04716        19.05         3.26  5 1.00     4  2016
   235.719     42.0063    235.74572     42.03002     0      0.08919      0.13683      0.04155         5.41         2.72  5 1.00     4  2016
   235.724     42.0027    235.75334     42.02682     0      0.09772      0.19391      0.00152        13.52         5.08  5 1.00     4  2016
   235.729     41.9997    235.76036     42.02396     0      0.11978      0.23004      0.00952        11.60         2.35  5 1.00     4  2016
   235.734     41.9978    235.76242     42.02177     0      0.09874      0.15090      0.04657        16.35         4.25  5 1.00     4  2016
   235.740     41.9962    235.76821     42.01433     0      0.11239      0.19032      0.03445        13.98         1.91  5 1.00     4  2016
   235.746     41.9948    235.77649     42.01083     0      0.12253      0.18143      0.06362        13.18         4.60 2A 1.00     4  2016
   235.751     41.9923    235.78519     42.00340     0      0.06068      0.11945      0.00190         3.48         1.42  4 1.00     4  2016
   235.756     41.9893    235.78924     41.99595     0      0.08754      0.14467      0.03041         3.32         0.87 3A 1.00     4  2016
