%USGS SPCMSC mean beach slope derived from lidar surveys from 1999 to 2016, dunes from 2016 in LMSL, ver 1 Compiled 9/27/19 
%iso_lon %iso_lat %sl_lon %sl_lat %slope %95_up %95_low  dhigh   dlow month year
263.607 28.2237 263.540 28.3091 0.0327 0.0521 0.0133 2.7443 1.4723  7 2016
263.622 28.2360 263.559 28.3201 0.2823 2.1215 0.0010 2.2007 1.2807  7 2016
263.637 28.2477 263.576 28.3329 0.0261 0.0731 0.0010 1.9780 1.0840  7 2016
263.654 28.2585 263.592 28.3479 0.0334 0.0620 0.0047 1.9624 1.1674  7 2016
263.670 28.2694 263.605 28.3650 0.0138 0.0277 0.0010 1.6467 1.4497  7 2016
263.726 28.2913 263.654 28.4166 0.0227 0.0378 0.0077 4.1360 2.7650  7 2016
263.763 28.3055 263.697 28.4394 0.0159 0.0276 0.0042 2.2296 1.4407  7 2016
263.782 28.3125 263.715 28.4517 0.0211 0.0370 0.0052 2.0814 1.4144  7 2016
263.799 28.3219 263.733 28.4630 0.0203 0.0326 0.0080 2.2301 1.4341  7 2016
263.812 28.3334 263.748 28.4723 0.0196 0.0309 0.0083 2.3277 1.5527  7 2016
263.832 28.3354 263.767 28.4829 0.0239 0.0262 0.0217 2.2924 1.5034  7 2016
263.850 28.3440 263.784 28.4925 0.0233 0.0352 0.0113 2.4351 1.5621  7 2016
263.868 28.3507 263.805 28.5031 0.0323 0.0470 0.0176 2.8687 1.9007  7 2016
263.887 28.3551 263.824 28.5130 0.0227 0.0288 0.0166 3.3504 1.9265  7 2016
263.906 28.3631 263.839 28.5203 0.0424 0.0827 0.0020 3.1871 2.0061  7 2016
263.925 28.3694 263.859 28.5292 0.0306 0.0352 0.0260 3.8997 2.1827  7 2016
263.942 28.3785 263.878 28.5379 0.0210 0.0294 0.0126 2.3383 1.5863  7 2016
263.960 28.3839 263.893 28.5450 0.0226 0.0353 0.0099 2.8379 1.9389  7 2016
263.978 28.3910 263.913 28.5537 0.0279 0.0435 0.0123 2.1605 1.6065  7 2016
263.995 28.3998 263.932 28.5616 0.0234 0.0303 0.0165 2.7061 1.6021  7 2016
264.013 28.4087 263.949 28.5686 0.0251 0.0351 0.0151 2.8816 1.9706  7 2016
264.032 28.4152 263.967 28.5760 0.0332 0.0620 0.0043 2.1692 1.1942  7 2016
264.051 28.4203 263.986 28.5836 0.0270 0.0589 0.0010 2.8799 1.9069  7 2016
264.069 28.4284 264.003 28.5907 0.0483 0.1283 0.0010 2.2975 1.4905  7 2016
264.108 28.4397 264.039 28.6038 0.0274 0.0384 0.0165 3.8770 2.6360  7 2016
264.126 28.4476 264.059 28.6119 0.0144 0.0235 0.0054 2.9256 1.3126  7 2016
264.143 28.4575 264.078 28.6191 0.0226 0.0305 0.0148 3.4572 1.9452  7 2016
264.161 28.4653 264.096 28.6262 0.0217 0.0394 0.0040 2.6709 1.8629  7 2016
264.181 28.4667 264.116 28.6342 0.0352 0.0638 0.0067 2.9609 1.9349  7 2016
264.197 28.4774 264.132 28.6409 0.0486 0.1066 0.0010 2.6445 1.5615  7 2016
264.216 28.4829 264.152 28.6496 0.0288 0.0344 0.0232 2.7233 1.0853  7 2016
264.237 28.4850 264.168 28.6570 0.0317 0.0553 0.0080 2.9813 1.9403  7 2016
264.245 28.5010 264.183 28.6640 0.0292 0.0417 0.0167 2.8665 1.8335  7 2016
264.264 28.5088 264.199 28.6720 0.0570 0.1149 0.0010 2.9562 1.8462  7 2016
264.282 28.5165 264.219 28.6825 0.0243 0.0287 0.0200 2.6808 1.7148  7 2016
264.301 28.5220 264.236 28.6911 0.0297 0.0506 0.0087 2.9015 1.7785  7 2016
264.320 28.5300 264.253 28.7001 0.0260 0.0380 0.0139 2.7261 1.8971  7 2016
264.338 28.5376 264.269 28.7092 0.0313 0.0437 0.0189 2.7117 1.8727  7 2016
264.355 28.5481 264.286 28.7181 0.0342 0.0917 0.0010 2.4951 1.3601  7 2016
264.373 28.5566 264.303 28.7274 0.0417 0.0442 0.0392 1.5805 1.3885  7 2016
264.391 28.5645 264.322 28.7374 0.0296 0.0550 0.0043 2.2951 1.4081  7 2016
264.412 28.5664 264.337 28.7456 0.0352 0.0641 0.0063 2.0300 1.2030  7 2016
264.453 28.5668 264.368 28.7617 0.0385 0.0744 0.0027 2.0251 1.2061  7 2016
264.473 28.5689 264.382 28.7687 0.0545 0.0777 0.0313 2.3270 1.3000  7 2016
264.486 28.5820 264.395 28.7749 0.0759 0.0820 0.0698 2.1223 1.3803  7 2016
264.504 28.5879 264.411 28.7833 0.0786 0.1101 0.0471 2.2760 1.8010  7 2016
264.515 28.5960 264.418 28.7869 0.0514 0.0861 0.0167 2.3135 1.4455  7 2016
264.534 28.5951 264.432 28.7939 0.0197 0.0208 0.0186 2.0187 1.3947  7 2016
264.552 28.6030 264.443 28.8000 0.0268 0.0715 0.0010 2.2303 1.3403  7 2016
264.569 28.6131 264.459 28.8079 0.0531 0.0880 0.0183 2.0368 1.4358  7 2016
264.602 28.6343 264.487 28.8226 0.0275 0.0416 0.0135 1.8067 1.2307  7 2016
264.618 28.6457 264.504 28.8306 0.0160 0.0225 0.0095 1.6101 1.0560  7 2016
264.633 28.6579 264.520 28.8383 0.0107 0.0129 0.0085 1.6694 1.3074  7 2016
264.648 28.6707 264.539 28.8463 0.0110 0.0152 0.0068 1.8947 1.4067  7 2016
264.661 28.6844 264.560 28.8523 0.0170 0.0464 0.0010 1.5258 1.2129  7 2016
264.673 28.6988 264.578 28.8576 0.0234 0.0412 0.0056 1.6420 1.3090  7 2016
264.687 28.7120 264.598 28.8649 0.0129 0.0185 0.0074 1.8353 0.9233  7 2016
264.720 28.7334 264.638 28.8915 0.0297 0.0438 0.0156 3.3935 1.7365  7 2016
264.734 28.7466 264.654 28.9048 0.0306 0.0359 0.0254 3.4558 1.6158  7 2016
264.781 28.7802 264.714 28.9492 0.0447 0.0682 0.0212 2.2985 1.1645  7 2016
264.790 28.7949 264.730 28.9635 0.0251 0.0379 0.0124 2.7635 1.5895  7 2016
264.803 28.8078 264.748 28.9789 0.0222 0.0341 0.0102 2.9588 1.7998  7 2016
264.816 28.8214 264.766 28.9930 0.0200 0.0366 0.0034 2.5720 1.6910  7 2016
264.831 28.8332 264.786 29.0079 0.0157 0.0293 0.0021 1.7573 1.4283  7 2016
264.851 28.8319 264.809 29.0242 0.0181 0.0316 0.0046 1.9888 1.2788  7 2016
264.867 28.8203 264.824 29.0346 0.0208 0.0354 0.0062 1.9802 1.3432  7 2016
264.880 28.8067 264.840 29.0456 0.0221 0.0356 0.0086 2.1776 1.5277  7 2016
264.894 28.7932 264.855 29.0556 0.0239 0.0421 0.0056 2.0521 1.2091  7 2016
264.911 28.7834 264.872 29.0682 0.0328 0.0418 0.0239 1.8953 1.2243  7 2016
264.932 28.7834 264.894 29.0916 0.0083 0.0157 0.0009 1.9428 1.6018  7 2016
264.952 28.7834 264.916 29.1104 0.0181 0.0328 0.0034 2.1253 1.5553  7 2016
264.972 28.7834 264.938 29.1258 0.0237 0.0379 0.0094 1.8649 1.4559  7 2016
265.013 28.7852 264.980 29.1524 0.0235 0.0430 0.0040 1.8559 1.2549  7 2016
265.032 28.7929 265.002 29.1661 0.0297 0.0660 0.0010 2.7319 1.8179  7 2016
265.050 28.8001 265.021 29.1777 0.0259 0.0436 0.0081 2.5360 1.3180  7 2016
265.071 28.8005 265.042 29.1904 0.0231 0.0505 0.0010 1.6607 1.5657  7 2016
265.090 28.8051 265.061 29.2012 0.0403 0.0909 0.0010 2.6540 1.3630  7 2016
265.108 28.8138 265.082 29.2138 0.0233 0.0368 0.0098 2.3930 1.5680  7 2016
265.128 28.8167 265.102 29.2261 0.0392 0.0731 0.0053 2.6705 1.3875  7 2016
265.149 28.8167 265.122 29.2377 0.0344 0.0491 0.0197 1.9632 1.8462  7 2016
265.169 28.8173 265.142 29.2481 0.2121 0.3676 0.0565 4.5029 1.5669  7 2016
265.186 28.8241 265.159 29.2582 0.1420 0.2360 0.0479 3.9401 1.3211  7 2016
265.200 28.8334 265.172 29.2654 0.1085 0.2499 0.0010 4.3350 1.6510  7 2016
265.238 28.8418 265.210 29.2883 0.0508 0.1430 0.0010 3.5078 1.1728  7 2016
265.255 28.8490 265.225 29.3003 0.0215 0.0306 0.0123 1.9120 1.5770  7 2016
265.276 28.8500 265.244 29.3131 0.0148 0.0233 0.0063 1.8106 1.2906  7 2016
265.296 28.8500 265.265 29.3268 0.0033 0.0074 0.0010 2.3342 1.1292  7 2016
265.316 28.8470 265.277 29.3837 0.0093 0.0148 0.0038 2.0760 1.5920  7 2016
265.335 28.8392 265.291 29.4019 0.0129 0.0239 0.0019 2.6569 1.8039  7 2016
265.350 28.8275 265.300 29.4107 0.0126 0.0245 0.0006 2.8798 1.7768  7 2016
265.353 28.8103 265.294 29.4048 0.0163 0.0255 0.0071 3.0227 1.8627  7 2016
265.384 28.7984 265.302 29.4127 0.0207 0.0448 0.0010 3.1570 1.6040  7 2016
265.402 28.8063 265.313 29.4209 0.0206 0.0466 0.0010 3.2801 1.7602  7 2016
265.416 28.8191 265.315 29.4227 0.0223 0.0478 0.0010 3.5650 1.6820  7 2016
265.435 28.8263 265.323 29.4276 0.0260 0.0547 0.0010 3.3301 1.5961  7 2016
265.453 28.8358 265.331 29.4324 0.0279 0.0593 0.0010 3.0552 1.8082  7 2016
265.468 28.8470 265.341 29.4379 0.0202 0.0515 0.0010 3.4941 1.4421  7 2016
265.487 28.8546 265.353 29.4445 0.0321 0.0732 0.0010 3.4072 1.6192  7 2016
265.506 28.8616 265.364 29.4500 0.0290 0.0791 0.0010 3.3374 1.6004  7 2016
265.525 28.8683 265.381 29.4581 0.0325 0.0663 0.0010 3.3946 1.5786  7 2016
265.544 28.8746 265.397 29.4654 0.0314 0.0482 0.0147 3.2238 1.5498  7 2016
265.563 28.8812 265.413 29.4724 0.0249 0.0463 0.0034 3.5660 1.5680  7 2016
265.581 28.8893 265.435 29.4816 0.0258 0.0497 0.0019 2.7641 1.3971  7 2016
265.596 28.9015 265.453 29.4887 0.0388 0.0894 0.0010 1.6749 1.1179  7 2016
265.727 28.9512 265.643 29.5612 0.0361 0.0606 0.0117 1.5038 0.9838  7 2016
265.745 28.9576 265.671 29.5720 0.0270 0.0395 0.0144 1.5410 1.0510  7 2016
265.759 28.9612 265.694 29.5806 0.0387 0.0655 0.0119 1.4601 1.2741  7 2016
265.773 28.9477 265.712 29.5878 0.0415 0.0806 0.0023 1.6521 1.3111  7 2016
265.788 28.9369 265.729 29.5945 0.0413 0.0687 0.0139 1.3969 1.0139  7 2016
265.806 28.9290 265.747 29.6017 0.0632 0.1101 0.0163 1.5177 1.3707  7 2016
265.818 28.9148 265.761 29.6072 0.0346 0.0843 0.0010 1.3166 1.0616  7 2016
265.828 28.9037 265.770 29.6107 0.0243 0.0674 0.0010 1.3293 1.0143  7 2016
265.840 28.9133 265.779 29.6143 0.0378 0.0831 0.0010 1.3522 0.7452  7 2016
265.850 28.9282 265.783 29.6162 0.0332 0.0737 0.0010 1.3178 1.1228  7 2016
265.868 28.9334 265.792 29.6197 0.0448 0.0959 0.0010 1.2990 0.8680  7 2016
265.888 28.9334 265.801 29.6228 0.0369 0.0785 0.0010 1.4395 0.9415  7 2016
265.909 28.9334 265.807 29.6266 0.0420 0.0636 0.0205 1.3570 0.9230  7 2016
265.929 28.9334 265.811 29.6269 0.0385 0.0910 0.0010 1.2655 0.8695  7 2016
265.950 28.9346 265.815 29.6287 0.0329 0.0706 0.0010 1.2650 0.9910  7 2016
265.989 28.9444 265.820 29.6305 0.0355 0.0720 0.0010 1.2666 0.8006  7 2016
