%USGS SPCMSC mean beach slope derived from lidar surveys from 1996 to 2014, dunes from 2014 in LMSL, Version 1.1 Compiled 3/30/17 
%iso_lon %iso_lat %sl_lon %sl_lat %slope %95_up %95_low  dhigh   dlow month year
282.289 33.8674 282.077 33.9604 0.0497 0.1084 0.0010 4.2480 2.8410  1 2014
282.292 33.8741 282.080 33.9678 0.0756 0.1340 0.0172 4.2988 2.9446  1 2014
282.295 33.8806 282.086 33.9747 0.0852 0.1416 0.0289 4.0261 2.7000  1 2014
282.298 33.8869 282.089 33.9828 0.0659 0.1042 0.0275 4.4884 3.0425  1 2014
282.301 33.8930 282.091 33.9898 0.0764 0.1062 0.0467 4.6925 3.1274  1 2014
282.305 33.8988 282.093 33.9965 0.0852 0.1196 0.0508 4.7174 2.9614  1 2014
282.308 33.9042 282.097 34.0045 0.0786 0.1239 0.0332 5.5396 3.3782  1 2014
282.312 33.9094 282.098 34.0085 0.0692 0.1128 0.0256 5.4643 3.5213  1 2014
282.316 33.9143 282.101 34.0165 0.0613 0.0992 0.0235 4.7699 2.9637  1 2014
282.320 33.9189 282.105 34.0239 0.0713 0.1016 0.0410 5.2738 3.2774  1 2014
282.324 33.9234 282.106 34.0280 0.0723 0.0958 0.0487 5.3778 3.3887  1 2014
282.329 33.9277 282.110 34.0361 0.0664 0.0927 0.0401 5.4212 3.1640  1 2014
282.334 33.9318 282.111 34.0403 0.0638 0.0844 0.0433 5.1978 3.0342  1 2014
282.339 33.9359 282.115 34.0485 0.0632 0.0922 0.0342 5.1666 3.3258  1 2014
282.344 33.9400 282.117 34.0526 0.0608 0.0949 0.0268 4.7661 3.2436  1 2014
282.349 33.9442 282.119 34.0609 0.0303 0.0605 0.0001 3.8983 2.6313  1 2014
282.354 33.9485 282.123 34.0681 0.0344 0.0612 0.0076 4.1234 2.5261  1 2014
282.360 33.9529 282.124 34.0761 0.0340 0.0613 0.0067 3.9136 2.5276  1 2014
282.366 33.9574 282.123 34.0828 0.0311 0.0775 0.0010 2.9534 2.0795  1 2014
282.372 33.9620 282.132 34.0887 0.0623 0.1192 0.0055 2.7010 2.0749  1 2014
282.377 33.9667 282.133 34.0928 0.0717 0.0960 0.0474 2.6746 2.0219  1 2014
282.383 33.9715 282.137 34.1008 0.0779 0.1044 0.0514 2.6779 1.8911  1 2014
282.388 33.9763 282.141 34.1089 0.0774 0.0995 0.0552 2.6014 1.7772  1 2014
282.394 33.9812 282.146 34.1170 0.0781 0.1165 0.0397 2.6578 1.7770  1 2014
282.399 33.9862 282.148 34.1210 0.0805 0.1210 0.0399 2.7098 1.7860  1 2014
282.404 33.9913 282.152 34.1292 0.0706 0.0982 0.0430 2.8936 1.9708  1 2014
282.408 33.9967 282.155 34.1374 0.0594 0.0864 0.0324 3.1501 2.1910  1 2014
282.411 34.0022 282.157 34.1414 0.0459 0.0609 0.0309 3.1755 2.2018  1 2014
282.414 34.0078 282.162 34.1494 0.0463 0.0682 0.0245 3.2439 2.1565  1 2014
282.416 34.0136 282.164 34.1534 0.0531 0.0810 0.0253 3.4006 2.2217  1 2014
282.417 34.0252 282.171 34.1641 0.0412 0.0661 0.0164 3.8944 2.3093  1 2014
282.416 34.0308 282.174 34.1679 0.0317 0.0480 0.0155 3.9028 2.3292  1 2014
282.414 34.0362 282.178 34.1727 0.0298 0.0501 0.0096 4.0155 2.3035  1 2014
282.411 34.0413 282.180 34.1751 0.0349 0.0644 0.0054 3.9605 2.2407  1 2014
282.407 34.0460 282.183 34.1778 0.0355 0.0668 0.0042 3.9205 2.2345  1 2014
282.398 34.0540 282.187 34.1802 0.0315 0.0593 0.0036 3.8399 2.2636  1 2014
282.390 34.0605 282.187 34.1832 0.0245 0.0421 0.0068 3.2820 2.0702  1 2014
282.385 34.0658 282.188 34.1859 0.0222 0.0398 0.0046 3.0121 1.9134  1 2014
282.384 34.0681 282.189 34.1872 0.0230 0.0378 0.0083 3.8105 2.1850  1 2014
282.385 34.0703 282.192 34.1890 0.0294 0.0589 0.0010 4.3281 2.3436  1 2014
282.386 34.0723 282.194 34.1927 0.0579 0.0864 0.0293 4.0720 2.5723  1 2014
282.389 34.0743 282.196 34.1952 0.0575 0.0796 0.0353 4.2347 2.9232  1 2014
282.392 34.0762 282.199 34.1989 0.0560 0.0709 0.0411 4.3923 2.9495  1 2014
282.397 34.0781 282.202 34.2024 0.0563 0.0743 0.0383 4.5723 2.9599  1 2014
282.402 34.0799 282.205 34.2060 0.0609 0.0915 0.0303 4.6852 2.8818  1 2014
282.407 34.0817 282.208 34.2097 0.0646 0.1042 0.0250 4.6043 2.8499  1 2014
282.413 34.0833 282.210 34.2135 0.0604 0.0967 0.0242 4.5973 2.8768  1 2014
282.419 34.0848 282.213 34.2173 0.0552 0.0835 0.0269 4.5331 2.5514  1 2014
282.424 34.0861 282.218 34.2247 0.0387 0.0564 0.0210 4.5160 2.6238  1 2014
282.429 34.0874 282.219 34.2282 0.0315 0.0478 0.0152 4.9535 2.8822  1 2014
282.434 34.0888 282.223 34.2312 0.0300 0.0577 0.0023 4.3891 2.4497  1 2014
282.439 34.0903 282.225 34.2357 0.0243 0.0575 0.0010 4.2013 2.3491  1 2014
282.443 34.0919 282.228 34.2380 0.0220 0.0688 0.0010 3.7605 2.2423  1 2014
282.447 34.0936 282.229 34.2407 0.0243 0.0554 0.0010 3.3350 2.1162  1 2014
282.451 34.0955 282.236 34.2465 0.0678 0.1348 0.0008 4.2680 2.3775  1 2014
282.455 34.0974 282.239 34.2501 0.0785 0.1239 0.0332 4.7294 2.5124  1 2014
282.458 34.0995 282.242 34.2537 0.0695 0.1076 0.0315 4.9661 2.4413  1 2014
282.462 34.1016 282.245 34.2573 0.0625 0.0973 0.0277 5.0582 2.4393  1 2014
282.462 34.1067 282.249 34.2609 0.0603 0.0880 0.0327 5.0488 2.6344  1 2014
282.464 34.1109 282.252 34.2641 0.0586 0.0847 0.0325 4.9772 2.7963  1 2014
282.466 34.1150 282.254 34.2671 0.0547 0.0834 0.0261 4.8681 2.8319  1 2014
282.468 34.1187 282.260 34.2734 0.0544 0.0771 0.0317 4.8624 2.9175  1 2014
282.471 34.1221 282.264 34.2763 0.0577 0.0804 0.0350 5.0238 3.1959  1 2014
282.475 34.1250 282.267 34.2793 0.0609 0.1007 0.0210 5.1466 3.4265  1 2014
282.479 34.1274 282.274 34.2847 0.0556 0.1082 0.0029 4.5114 2.5916  1 2014
282.484 34.1295 282.279 34.2873 0.0392 0.0710 0.0073 3.7317 2.1966  1 2014
282.489 34.1313 282.282 34.2901 0.0310 0.0676 0.0010 3.4822 2.0716  1 2014
282.494 34.1330 282.286 34.2978 0.0125 0.0322 0.0010 2.0390 1.8569  1 2014
282.499 34.1347 282.289 34.3006 0.0318 0.0854 0.0010 2.2550 1.7411  1 2014
282.504 34.1365 282.293 34.3023 0.0427 0.1059 0.0010 2.6442 1.7485  1 2014
282.508 34.1385 282.299 34.3082 0.0387 0.0868 0.0010 3.0763 1.8458  1 2014
282.512 34.1409 282.302 34.3118 0.0390 0.0800 0.0010 3.2120 1.9322  1 2014
282.515 34.1437 282.305 34.3148 0.0435 0.0790 0.0080 3.3040 2.0260  1 2014
282.518 34.1470 282.308 34.3181 0.0563 0.0902 0.0225 3.4047 2.0773  1 2014
282.521 34.1506 282.315 34.3245 0.0692 0.1069 0.0314 3.2708 1.8578  1 2014
282.523 34.1545 282.319 34.3276 0.0473 0.0975 0.0010 3.6237 1.8072  1 2014
282.525 34.1587 282.323 34.3307 0.0400 0.0818 0.0010 3.8923 1.8208  1 2014
282.528 34.1630 282.327 34.3337 0.0419 0.0918 0.0010 3.5849 1.7954  1 2014
282.531 34.1674 282.334 34.3395 0.0326 0.0541 0.0110 2.4899 1.7259  1 2014
282.535 34.1718 282.339 34.3413 0.0099 0.0170 0.0028 2.4556 1.7945  1 2014
282.539 34.1763 282.348 34.3460 0.0305 0.0612 0.0010 4.0683 2.6805  1 2014
282.543 34.1807 282.352 34.3492 0.0474 0.0861 0.0087 4.3206 2.7062  1 2014
282.547 34.1851 282.359 34.3555 0.0713 0.0940 0.0487 4.2636 2.2490  1 2014
282.551 34.1896 282.363 34.3587 0.0780 0.0948 0.0613 4.5287 2.1860  1 2014
282.555 34.1942 282.371 34.3650 0.0730 0.1054 0.0405 5.0212 2.4520  1 2014
282.559 34.1989 282.374 34.3681 0.0713 0.1004 0.0421 5.2950 2.4693  1 2014
282.561 34.2036 282.382 34.3741 0.0726 0.0910 0.0542 5.7313 2.6279  1 2014
282.562 34.2083 282.385 34.3771 0.0653 0.0902 0.0405 5.6188 2.6107  1 2014
282.562 34.2131 282.389 34.3799 0.0592 0.0848 0.0336 5.5126 2.6202  1 2014
282.559 34.2225 282.393 34.3831 0.0661 0.0919 0.0404 5.5630 2.6876  1 2014
282.557 34.2271 282.397 34.3859 0.0700 0.0893 0.0507 5.5892 2.7268  1 2014
282.546 34.2406 282.401 34.3888 0.0683 0.0944 0.0422 5.6290 2.7523  1 2014
282.541 34.2490 282.405 34.3918 0.0739 0.1197 0.0281 5.9351 2.7465  1 2014
282.540 34.2565 282.409 34.3948 0.0743 0.1273 0.0214 5.9885 2.6836  1 2014
282.542 34.2598 282.413 34.3977 0.0654 0.0987 0.0321 5.8754 2.5992  1 2014
282.544 34.2626 282.417 34.4007 0.0696 0.1098 0.0294 5.7109 2.5247  1 2014
282.548 34.2650 282.421 34.4035 0.0838 0.1145 0.0531 5.3607 2.4436  1 2014
282.553 34.2668 282.425 34.4063 0.0867 0.1167 0.0567 5.3073 2.4439  1 2014
282.559 34.2682 282.429 34.4091 0.0843 0.1256 0.0430 5.3962 2.4972  1 2014
282.565 34.2690 282.438 34.4146 0.0853 0.1059 0.0646 5.2126 2.4939  1 2014
282.572 34.2694 282.442 34.4173 0.0904 0.1230 0.0579 5.1833 2.4409  1 2014
282.580 34.2694 282.446 34.4200 0.0963 0.1325 0.0600 5.2514 2.3350  1 2014
282.588 34.2694 282.455 34.4252 0.0928 0.1473 0.0383 6.0037 2.8310  1 2014
282.596 34.2693 282.459 34.4278 0.0999 0.1810 0.0187 5.9194 2.7114  1 2014
282.603 34.2695 282.468 34.4328 0.0925 0.1398 0.0452 5.7268 2.3335  1 2014
282.611 34.2699 282.472 34.4355 0.0976 0.1432 0.0519 5.2444 2.3755  1 2014
282.619 34.2708 282.481 34.4408 0.0957 0.1440 0.0474 4.9702 2.3444  1 2014
282.627 34.2721 282.485 34.4435 0.0867 0.1335 0.0399 4.7514 2.4272  1 2014
282.634 34.2737 282.494 34.4486 0.0908 0.1342 0.0473 4.1903 2.1345  1 2014
282.641 34.2757 282.499 34.4512 0.0920 0.1473 0.0367 4.4679 2.0795  1 2014
282.648 34.2780 282.508 34.4563 0.0835 0.1137 0.0534 4.4223 2.2397  1 2014
282.655 34.2805 282.512 34.4589 0.0815 0.1131 0.0498 4.5430 2.2809  1 2014
282.661 34.2831 282.521 34.4638 0.0778 0.1085 0.0471 4.3308 2.1774  1 2014
282.667 34.2859 282.530 34.4685 0.0780 0.1130 0.0429 4.4146 2.3154  1 2014
282.673 34.2888 282.535 34.4710 0.0739 0.1192 0.0285 4.6419 2.4070  1 2014
282.679 34.2917 282.544 34.4753 0.0653 0.0956 0.0350 4.7811 2.3057  1 2014
282.684 34.2947 282.549 34.4773 0.0647 0.0990 0.0304 4.8355 2.2877  1 2014
282.690 34.2978 282.558 34.4817 0.0732 0.1272 0.0192 4.7974 2.0489  1 2014
282.695 34.3008 282.562 34.4838 0.0713 0.1227 0.0200 4.9341 1.9864  1 2014
282.700 34.3038 282.567 34.4860 0.0608 0.0964 0.0252 4.8470 2.0586  1 2014
282.704 34.3069 282.576 34.4903 0.0552 0.0838 0.0266 4.4858 2.0437  1 2014
282.709 34.3101 282.581 34.4926 0.0620 0.0990 0.0250 4.8610 2.1629  1 2014
282.714 34.3134 282.590 34.4971 0.0713 0.1058 0.0368 4.6568 2.2282  1 2014
282.720 34.3169 282.595 34.4992 0.0716 0.1110 0.0321 4.6839 2.3064  1 2014
282.725 34.3205 282.604 34.5034 0.0688 0.1062 0.0314 4.3969 2.2680  1 2014
282.730 34.3243 282.609 34.5056 0.0677 0.1128 0.0225 3.9429 2.1785  1 2014
282.736 34.3282 282.618 34.5098 0.0621 0.0952 0.0291 3.8892 2.0502  1 2014
282.741 34.3321 282.623 34.5119 0.0606 0.0893 0.0319 4.4486 2.2342  1 2014
282.746 34.3361 282.633 34.5162 0.0595 0.0893 0.0298 4.4456 2.3859  1 2014
282.752 34.3401 282.637 34.5183 0.0582 0.0841 0.0324 4.4704 2.4716  1 2014
282.757 34.3441 282.647 34.5222 0.0535 0.0810 0.0260 4.4154 2.3314  1 2014
282.763 34.3481 282.656 34.5262 0.0518 0.0927 0.0108 3.1156 2.1293  1 2014
282.768 34.3520 282.662 34.5319 0.0139 0.0320 0.0010 2.9892 2.1490  1 2014
282.774 34.3558 282.667 34.5323 0.0222 0.0532 0.0010 3.1297 1.9483  1 2014
282.780 34.3595 282.674 34.5362 0.0531 0.0985 0.0078 2.8827 1.9825  1 2014
282.786 34.3632 282.682 34.5408 0.0510 0.0759 0.0261 2.4217 1.7284  1 2014
282.792 34.3667 282.691 34.5454 0.0650 0.1375 0.0010 2.9386 1.8148  1 2014
282.798 34.3699 282.695 34.5480 0.0694 0.1365 0.0023 3.3364 1.8990  1 2014
282.804 34.3730 282.704 34.5533 0.0601 0.0955 0.0246 2.9254 1.7224  1 2014
282.810 34.3760 282.711 34.5577 0.0627 0.1237 0.0016 3.3537 2.0063  1 2014
282.816 34.3788 282.719 34.5628 0.0808 0.1457 0.0159 4.3031 2.1876  1 2014
282.822 34.3816 282.728 34.5685 0.0652 0.1025 0.0279 4.5633 2.3496  1 2014
282.828 34.3844 282.732 34.5713 0.0617 0.1017 0.0218 4.4485 2.3394  1 2014
282.834 34.3873 282.740 34.5770 0.0550 0.0770 0.0330 5.2478 2.7089  1 2014
282.840 34.3902 282.744 34.5797 0.0418 0.0587 0.0250 6.0173 3.0530  1 2014
282.846 34.3933 282.752 34.5848 0.0242 0.0352 0.0131 5.9307 2.6389  1 2014
282.851 34.3966 282.760 34.5891 0.0159 0.0251 0.0068 6.3593 2.5918  1 2014
282.856 34.4001 282.766 34.5933 0.0110 0.0270 0.0010 4.4489 2.3546  1 2014
282.862 34.4040 282.774 34.5972 0.0446 0.0800 0.0093 4.3355 2.1649  1 2014
282.867 34.4080 282.783 34.6021 0.0586 0.0746 0.0425 4.6894 2.1857  1 2014
282.873 34.4123 282.788 34.6045 0.0601 0.0814 0.0387 5.2043 2.2238  1 2014
282.879 34.4168 282.797 34.6090 0.0458 0.0777 0.0139 6.2034 2.5233  1 2014
282.885 34.4213 282.805 34.6124 0.0511 0.0831 0.0192 8.5295 2.7684  1 2014
282.891 34.4259 282.815 34.6162 0.0493 0.0673 0.0313 4.6125 2.2178  1 2014
282.897 34.4304 282.823 34.6202 0.0219 0.0457 0.0010 3.8805 1.9582  1 2014
282.904 34.4347 282.832 34.6230 0.0559 0.0972 0.0147 4.2006 2.3450  1 2014
282.910 34.4386 282.842 34.6267 0.0534 0.0793 0.0275 5.3169 2.4498  1 2014
282.917 34.4421 282.847 34.6286 0.0545 0.0870 0.0220 5.9169 2.5444  1 2014
282.925 34.4450 282.857 34.6321 0.0580 0.1101 0.0058 4.5872 2.2458  1 2014
282.932 34.4474 282.867 34.6352 0.0491 0.0781 0.0200 5.1305 2.3053  1 2014
282.940 34.4493 282.876 34.6382 0.0244 0.0417 0.0072 2.8670 2.0662  1 2014
282.962 34.4526 282.903 34.6449 0.0222 0.0356 0.0088 4.0936 2.5798  1 2014
282.969 34.4533 282.913 34.6471 0.0301 0.0616 0.0010 4.7506 2.6857  1 2014
282.976 34.4543 282.921 34.6493 0.0442 0.0641 0.0244 4.8556 3.0033  1 2014
282.982 34.4555 282.931 34.6521 0.0540 0.0769 0.0311 4.8152 3.1129  1 2014
282.988 34.4573 282.936 34.6533 0.0549 0.0741 0.0357 5.1590 3.2824  1 2014
282.994 34.4595 282.946 34.6560 0.0512 0.0642 0.0382 5.8298 3.6858  1 2014
282.999 34.4623 282.951 34.6571 0.0524 0.0673 0.0375 6.1279 3.5900  1 2014
283.005 34.4656 282.961 34.6595 0.0549 0.0762 0.0335 5.2678 3.4052  1 2014
283.010 34.4694 282.966 34.6607 0.0525 0.0721 0.0329 5.3007 3.3982  1 2014
283.015 34.4736 282.975 34.6630 0.0548 0.0731 0.0364 6.7640 3.6248  1 2014
283.021 34.4780 282.980 34.6640 0.0571 0.0723 0.0418 6.9823 3.5525  1 2014
283.026 34.4824 282.990 34.6663 0.0589 0.0776 0.0402 6.0948 3.3482  1 2014
283.032 34.4868 282.996 34.6672 0.0611 0.0831 0.0390 5.6274 3.4058  1 2014
283.038 34.4910 283.006 34.6692 0.0659 0.0932 0.0386 5.5339 3.5545  1 2014
283.045 34.4948 283.016 34.6710 0.0677 0.0988 0.0366 5.9609 3.8062  1 2014
283.051 34.4982 283.021 34.6720 0.0635 0.0919 0.0351 5.7883 3.7436  1 2014
283.058 34.5010 283.031 34.6738 0.0578 0.0807 0.0349 5.9446 3.4949  1 2014
283.066 34.5033 283.042 34.6753 0.0670 0.1002 0.0339 4.9572 2.7597  1 2014
283.073 34.5051 283.047 34.6761 0.0658 0.0942 0.0374 4.6062 2.4903  1 2014
283.081 34.5063 283.057 34.6778 0.0618 0.0809 0.0428 4.7864 2.9793  1 2014
283.089 34.5071 283.067 34.6793 0.0647 0.0939 0.0355 4.7888 2.5774  1 2014
283.096 34.5075 283.078 34.6810 0.0563 0.0764 0.0362 4.7077 2.7198  1 2014
283.104 34.5076 283.083 34.6817 0.0561 0.0746 0.0377 4.7409 2.8957  1 2014
283.112 34.5076 283.093 34.6836 0.0579 0.0869 0.0289 6.8235 3.4702  1 2014
283.120 34.5074 283.103 34.6847 0.0656 0.0864 0.0447 7.8229 3.5159  1 2014
283.127 34.5074 283.108 34.6854 0.0628 0.0870 0.0386 7.8035 3.6282  1 2014
283.134 34.5077 283.117 34.6870 0.0587 0.0842 0.0333 7.2245 3.8609  1 2014
283.141 34.5083 283.127 34.6881 0.0664 0.0882 0.0446 6.8319 3.5695  1 2014
283.147 34.5094 283.133 34.6888 0.0674 0.0893 0.0454 6.8699 3.6139  1 2014
283.154 34.5110 283.138 34.6894 0.0692 0.0892 0.0491 7.2072 3.6409  1 2014
283.160 34.5131 283.148 34.6907 0.0649 0.0802 0.0497 6.1805 3.5977  1 2014
283.165 34.5157 283.154 34.6913 0.0602 0.0753 0.0451 5.3884 3.4963  1 2014
283.171 34.5185 283.159 34.6919 0.0587 0.0754 0.0420 5.1212 3.4497  1 2014
283.177 34.5213 283.164 34.6924 0.0659 0.0918 0.0401 5.1489 3.3322  1 2014
283.182 34.5240 283.175 34.6934 0.0666 0.0876 0.0456 4.6718 2.7295  1 2014
283.188 34.5263 283.180 34.6940 0.0636 0.0816 0.0457 4.8011 2.7959  1 2014
283.194 34.5281 283.185 34.6945 0.0615 0.0768 0.0462 5.0340 3.0485  1 2014
283.200 34.5292 283.190 34.6951 0.0618 0.0807 0.0430 5.7657 3.4688  1 2014
283.206 34.5296 283.201 34.6959 0.0597 0.0729 0.0465 5.3293 3.3494  1 2014
283.213 34.5292 283.206 34.6962 0.0610 0.0764 0.0455 5.2761 3.2628  1 2014
283.219 34.5280 283.212 34.6965 0.0619 0.0848 0.0389 5.4185 3.1582  1 2014
283.226 34.5263 283.222 34.6973 0.0651 0.0938 0.0364 5.6896 2.7812  1 2014
283.233 34.5240 283.227 34.6974 0.0608 0.0837 0.0378 5.5777 2.9596  1 2014
283.241 34.5214 283.237 34.6977 0.0510 0.0715 0.0305 4.8642 2.9169  1 2014
283.248 34.5187 283.242 34.6977 0.0533 0.0787 0.0279 4.6705 2.8208  1 2014
283.255 34.5159 283.250 34.6980 0.0507 0.0755 0.0259 4.9088 2.8511  1 2014
283.263 34.5132 283.255 34.6977 0.0499 0.0774 0.0224 4.8555 2.7995  1 2014
283.271 34.5106 283.265 34.6974 0.0526 0.0712 0.0340 4.6220 2.4451  1 2014
283.279 34.5080 283.270 34.6973 0.0503 0.0733 0.0274 4.3735 2.3916  1 2014
283.286 34.5056 283.279 34.6967 0.0528 0.0779 0.0276 4.2980 2.6609  1 2014
283.295 34.5031 283.289 34.6958 0.0452 0.0757 0.0146 4.4798 2.7680  1 2014
283.303 34.5007 283.296 34.6955 0.0356 0.0734 0.0010 6.1244 3.0731  1 2014
283.310 34.4981 283.300 34.6948 0.0444 0.1021 0.0010 6.0919 3.1986  1 2014
283.318 34.4955 283.310 34.6939 0.0517 0.1360 0.0010 5.6923 3.3371  1 2014
283.326 34.4926 283.315 34.6941 0.0552 0.1217 0.0010 5.8006 3.1088  1 2014
283.334 34.4896 283.323 34.6941 0.0515 0.1042 0.0010 3.4541 2.7294  1 2014
283.367 34.4709 283.351 34.6812 0.0622 0.1197 0.0047 2.6656 2.0011  1 2014
283.373 34.4666 283.354 34.6792 0.0723 0.1371 0.0075 3.3962 2.1752  1 2014
283.378 34.4622 283.359 34.6782 0.0708 0.1220 0.0196 4.0146 2.3459  1 2014
283.383 34.4578 283.364 34.6772 0.0693 0.1096 0.0290 4.2734 2.3980  1 2014
283.393 34.4489 283.369 34.6761 0.0712 0.1171 0.0253 4.3267 2.2773  1 2014
283.403 34.4401 283.374 34.6751 0.0742 0.1328 0.0155 4.6215 2.1895  1 2014
283.412 34.4313 283.378 34.6747 0.0755 0.1342 0.0168 5.0233 2.2761  1 2014
283.417 34.4268 283.382 34.6733 0.0713 0.1212 0.0214 4.9002 2.4017  1 2014
283.434 34.4085 283.386 34.6725 0.0718 0.1126 0.0310 4.5826 2.5225  1 2014
283.472 34.3764 283.391 34.6711 0.0762 0.1218 0.0306 4.3970 2.3916  1 2014
283.486 34.3704 283.395 34.6699 0.0717 0.1225 0.0210 4.2193 2.1157  1 2014
283.494 34.3677 283.399 34.6687 0.0646 0.1110 0.0183 4.0282 2.0301  1 2014
283.511 34.3628 283.404 34.6674 0.0580 0.0992 0.0168 3.7837 2.0163  1 2014
283.520 34.3607 283.408 34.6666 0.0522 0.0883 0.0161 3.4352 1.9930  1 2014
283.528 34.3590 283.412 34.6650 0.0538 0.0918 0.0158 3.2938 1.9452  1 2014
283.537 34.3576 283.417 34.6634 0.0588 0.1056 0.0119 3.3147 1.9250  1 2014
283.545 34.3566 283.421 34.6621 0.0608 0.1171 0.0046 3.3678 1.9751  1 2014
283.552 34.3562 283.424 34.6606 0.0612 0.1186 0.0038 3.4781 2.1321  1 2014
283.559 34.3564 283.428 34.6592 0.0620 0.1159 0.0080 3.5748 2.2239  1 2014
283.566 34.3571 283.447 34.6193 0.0308 0.0660 0.0010 4.8061 2.2195  1 2014
283.571 34.3585 283.447 34.6228 0.0354 0.0680 0.0028 5.3440 2.2684  1 2014
283.576 34.3605 283.431 34.6588 0.0543 0.1199 0.0010 3.3666 2.2655  1 2014
283.579 34.3631 283.463 34.5957 0.0222 0.0370 0.0075 5.8576 2.5807  1 2014
283.587 34.3742 283.466 34.5940 0.0223 0.0361 0.0084 4.3075 2.4976  1 2014
283.591 34.3836 283.447 34.6291 0.0108 0.0241 0.0010 3.5904 1.6542  1 2014
283.600 34.3992 283.433 34.6574 0.0550 0.1122 0.0010 3.2820 2.1976  1 2014
283.604 34.4045 283.439 34.6541 0.0652 0.1078 0.0225 3.2797 2.0870  1 2014
283.609 34.4100 283.446 34.6504 0.0758 0.1288 0.0227 2.8217 1.9382  1 2014
283.615 34.4155 283.453 34.6447 0.0778 0.1100 0.0457 2.6806 1.8755  1 2014
283.620 34.4211 283.478 34.6208 0.0444 0.0652 0.0237 3.7938 2.3436  1 2014
283.626 34.4267 283.481 34.6246 0.0365 0.0485 0.0246 3.4845 2.2968  1 2014
283.631 34.4325 283.483 34.6278 0.0398 0.0617 0.0180 3.4840 2.2299  1 2014
283.635 34.4385 283.486 34.6317 0.0528 0.0856 0.0199 3.8133 2.2356  1 2014
283.639 34.4446 283.488 34.6357 0.0618 0.0971 0.0265 4.2249 2.2947  1 2014
283.644 34.4574 283.491 34.6396 0.0598 0.0918 0.0278 4.8822 2.4378  1 2014
283.644 34.4709 283.493 34.6437 0.0600 0.0845 0.0356 5.2640 2.5990  1 2014
283.627 34.5196 283.495 34.6478 0.0617 0.0850 0.0384 4.4603 2.4622  1 2014
283.626 34.5274 283.497 34.6518 0.0567 0.0807 0.0327 3.4953 2.1696  1 2014
283.601 34.5664 283.500 34.6557 0.0514 0.0707 0.0320 3.3826 2.1693  1 2014
283.598 34.5785 283.502 34.6596 0.0454 0.0687 0.0220 3.4628 2.2545  1 2014
283.598 34.5843 283.505 34.6633 0.0382 0.0486 0.0277 3.4811 2.2550  1 2014
283.598 34.5951 283.508 34.6670 0.0394 0.0527 0.0261 3.5525 2.1963  1 2014
283.600 34.6002 283.511 34.6707 0.0429 0.0624 0.0234 3.5923 2.0966  1 2014
283.602 34.6051 283.514 34.6743 0.0473 0.0754 0.0191 3.5600 2.0175  1 2014
283.605 34.6097 283.517 34.6779 0.0507 0.0855 0.0159 3.3849 1.9792  1 2014
283.609 34.6142 283.520 34.6815 0.0481 0.0748 0.0213 3.2319 2.0097  1 2014
283.613 34.6184 283.523 34.6852 0.0418 0.0632 0.0204 3.1266 1.9880  1 2014
283.618 34.6224 283.529 34.6924 0.0394 0.0588 0.0200 2.9339 1.8613  1 2014
283.624 34.6262 283.532 34.6960 0.0374 0.0518 0.0229 2.9101 1.8731  1 2014
283.630 34.6298 283.535 34.6997 0.0419 0.0616 0.0221 2.9845 1.9192  1 2014
283.636 34.6334 283.538 34.7031 0.0460 0.0738 0.0182 3.0140 1.8968  1 2014
283.637 34.6417 283.544 34.7102 0.0419 0.0825 0.0013 3.0564 1.9033  1 2014
283.640 34.6483 283.547 34.7136 0.0341 0.0509 0.0173 3.0799 1.9513  1 2014
283.642 34.6549 283.553 34.7203 0.0483 0.0847 0.0119 3.2288 1.8745  1 2014
283.644 34.6615 283.556 34.7238 0.0662 0.1371 0.0010 3.3262 1.9042  1 2014
283.646 34.6680 283.562 34.7311 0.0510 0.0784 0.0235 3.4769 2.0159  1 2014
283.648 34.6745 283.565 34.7345 0.0514 0.0730 0.0297 3.2645 1.9358  1 2014
283.651 34.6810 283.571 34.7407 0.0371 0.0599 0.0143 2.8305 1.7854  1 2014
283.654 34.6874 283.573 34.7431 0.0327 0.0515 0.0140 2.7863 1.6685  1 2014
283.656 34.6937 283.577 34.7481 0.0295 0.0484 0.0106 2.9451 1.6884  1 2014
283.659 34.7000 283.583 34.7537 0.0270 0.0405 0.0135 2.8712 1.5695  1 2014
283.663 34.7061 283.587 34.7582 0.0400 0.0606 0.0194 2.7914 1.6671  1 2014
283.667 34.7122 283.593 34.7642 0.0439 0.0662 0.0217 2.7952 1.7771  1 2014
283.671 34.7181 283.598 34.7709 0.0449 0.0686 0.0213 2.8997 1.9016  1 2014
283.676 34.7239 283.604 34.7779 0.0305 0.0440 0.0171 2.7932 1.6881  1 2014
283.681 34.7295 283.609 34.7832 0.0289 0.0406 0.0172 2.7949 1.6380  1 2014
283.686 34.7348 283.615 34.7887 0.0507 0.0865 0.0149 2.9655 1.8559  1 2014
283.692 34.7398 283.621 34.7950 0.0443 0.0829 0.0057 2.9623 1.7807  1 2014
283.698 34.7445 283.626 34.8000 0.0415 0.0724 0.0107 2.9040 1.6825  1 2014
283.704 34.7489 283.629 34.8026 0.0443 0.0659 0.0228 3.0241 1.8093  1 2014
283.709 34.7530 283.636 34.8094 0.0613 0.1020 0.0207 2.8962 1.9954  1 2014
283.715 34.7569 283.639 34.8128 0.0557 0.0854 0.0260 2.7113 2.0349  1 2014
283.720 34.7605 283.645 34.8184 0.0546 0.0825 0.0266 2.8031 1.9339  1 2014
283.725 34.7640 283.648 34.8214 0.0572 0.1022 0.0122 2.6892 1.9757  1 2014
283.730 34.7673 283.654 34.8280 0.0510 0.0809 0.0212 1.9121 1.8292  1 2014
283.759 34.7933 283.684 34.8562 0.0258 0.0487 0.0030 2.0361 1.9991  1 2014
283.762 34.7971 283.690 34.8595 0.0253 0.0472 0.0034 2.5955 2.0430  1 2014
283.764 34.8010 283.694 34.8620 0.0338 0.0534 0.0141 3.2329 2.1617  1 2014
283.767 34.8049 283.697 34.8642 0.0344 0.0469 0.0218 3.1762 2.0634  1 2014
283.769 34.8088 283.704 34.8697 0.0312 0.0441 0.0184 3.1520 2.1506  1 2014
283.771 34.8128 283.707 34.8718 0.0285 0.0425 0.0145 2.9865 2.1696  1 2014
283.773 34.8167 283.711 34.8747 0.0345 0.0639 0.0051 2.6984 2.3338  1 2014
283.780 34.8286 283.724 34.8842 0.0473 0.0808 0.0139 2.3740 1.8400  1 2014
283.782 34.8326 283.727 34.8865 0.0548 0.0870 0.0225 2.9083 1.8411  1 2014
283.785 34.8365 283.731 34.8889 0.0583 0.0806 0.0360 2.9095 1.8535  1 2014
283.787 34.8403 283.735 34.8918 0.0543 0.0760 0.0325 2.7644 1.9147  1 2014
283.790 34.8440 283.739 34.8946 0.0507 0.0673 0.0341 2.7042 1.9878  1 2014
283.793 34.8477 283.745 34.8989 0.0572 0.0765 0.0379 2.7761 2.0035  1 2014
283.796 34.8513 283.748 34.9014 0.0596 0.0894 0.0298 2.8388 2.0262  1 2014
283.799 34.8548 283.751 34.9040 0.0681 0.1064 0.0297 2.9109 1.9826  1 2014
283.803 34.8582 283.755 34.9068 0.0678 0.1081 0.0274 2.9758 1.9555  1 2014
283.807 34.8615 283.763 34.9131 0.0525 0.0746 0.0305 2.7401 1.9663  1 2014
283.811 34.8646 283.766 34.9158 0.0464 0.0691 0.0237 2.8758 1.9394  1 2014
283.816 34.8676 283.770 34.9186 0.0448 0.0762 0.0134 3.2201 1.9949  1 2014
283.822 34.8705 283.777 34.9249 0.0467 0.0705 0.0228 3.7194 2.1830  1 2014
283.828 34.8733 283.781 34.9280 0.0496 0.0707 0.0286 3.8303 2.2336  1 2014
283.835 34.8760 283.788 34.9343 0.0643 0.0862 0.0424 3.8866 2.2963  1 2014
283.842 34.8788 283.792 34.9373 0.0643 0.0800 0.0486 4.0283 2.3391  1 2014
283.849 34.8817 283.799 34.9437 0.0535 0.0730 0.0339 4.1423 2.3379  1 2014
283.857 34.8847 283.806 34.9499 0.0436 0.0606 0.0266 3.6655 2.2360  1 2014
283.865 34.8879 283.814 34.9554 0.0425 0.0611 0.0238 3.4046 2.1494  1 2014
283.873 34.8912 283.821 34.9612 0.0422 0.0522 0.0322 3.8632 2.2732  1 2014
283.881 34.8947 283.828 34.9669 0.0374 0.0551 0.0197 3.6439 2.1985  1 2014
283.888 34.8984 283.834 34.9714 0.0384 0.0590 0.0178 3.6907 2.2274  1 2014
283.896 34.9021 283.841 34.9763 0.0262 0.0420 0.0105 3.2532 2.1668  1 2014
283.903 34.9059 283.848 34.9811 0.0365 0.0568 0.0163 3.8516 2.2761  1 2014
283.910 34.9098 283.855 34.9871 0.0366 0.0472 0.0261 4.0578 2.2161  1 2014
283.917 34.9137 283.863 34.9930 0.0349 0.0448 0.0250 3.8909 2.1879  1 2014
283.924 34.9175 283.869 34.9983 0.0311 0.0426 0.0196 3.5939 2.1721  1 2014
283.931 34.9214 283.875 35.0033 0.0167 0.0255 0.0079 2.5565 2.1867  1 2014
283.937 34.9251 283.882 35.0083 0.0159 0.0211 0.0108 2.2779 1.8911  1 2014
283.943 34.9289 283.888 35.0120 0.0392 0.0536 0.0248 3.5907 2.2962  1 2014
283.949 34.9326 283.895 35.0177 0.0446 0.0583 0.0309 4.2690 2.3336  1 2014
283.955 34.9364 283.899 35.0208 0.0371 0.0610 0.0132 3.9112 2.2319  1 2014
283.960 34.9403 283.907 35.0264 0.0217 0.0330 0.0104 3.1726 2.1239  1 2014
283.987 34.9615 283.936 35.0476 0.0044 0.0048 0.0040 1.9388 1.8770  1 2014
283.992 34.9660 283.944 35.0490 0.0115 0.0184 0.0046 2.5193 2.0030  1 2014
284.004 34.9782 283.959 35.0553 0.0151 0.0333 0.0010 2.0163 1.9252  1 2014
284.029 35.0004 283.989 35.0725 0.0073 0.0197 0.0010 2.7070 2.1713  1 2014
284.042 35.0119 284.006 35.0803 0.0079 0.0151 0.0008 2.4539 1.9021  1 2014
284.048 35.0177 284.012 35.0844 0.0206 0.0383 0.0030 4.4942 2.2734  1 2014
284.055 35.0235 284.019 35.0897 0.0263 0.0422 0.0104 4.1682 2.1197  1 2014
284.061 35.0292 284.026 35.0948 0.0268 0.0485 0.0052 4.5377 2.2222  1 2014
284.068 35.0346 284.034 35.0995 0.0226 0.0380 0.0071 5.1784 2.2566  1 2014
284.075 35.0399 284.042 35.1042 0.0307 0.0559 0.0055 5.7664 2.4765  1 2014
284.082 35.0450 284.050 35.1088 0.0481 0.0764 0.0197 6.5272 2.6227  1 2014
284.089 35.0498 284.059 35.1137 0.0529 0.0822 0.0236 6.5349 2.6900  1 2014
284.096 35.0544 284.063 35.1161 0.0508 0.0821 0.0195 6.3972 2.6570  1 2014
284.103 35.0586 284.073 35.1209 0.0533 0.0823 0.0243 6.8603 2.6932  1 2014
284.111 35.0626 284.082 35.1255 0.0547 0.0818 0.0277 6.8367 3.0719  1 2014
284.118 35.0662 284.086 35.1278 0.0528 0.0756 0.0299 6.5664 3.2075  1 2014
284.125 35.0695 284.096 35.1322 0.0476 0.0636 0.0317 6.1067 2.8494  1 2014
284.133 35.0725 284.100 35.1342 0.0482 0.0629 0.0335 5.7242 2.6307  1 2014
284.140 35.0753 284.110 35.1383 0.0509 0.0685 0.0334 5.3546 2.5313  1 2014
284.148 35.0778 284.114 35.1404 0.0555 0.0753 0.0358 5.4518 2.6160  1 2014
284.155 35.0801 284.124 35.1445 0.0626 0.0853 0.0399 5.5271 2.7277  1 2014
284.162 35.0823 284.129 35.1466 0.0595 0.0847 0.0342 5.1606 2.6205  1 2014
284.170 35.0844 284.138 35.1509 0.0422 0.0596 0.0248 4.5390 2.4111  1 2014
284.177 35.0865 284.142 35.1526 0.0383 0.0593 0.0174 4.5514 2.3973  1 2014
284.185 35.0886 284.151 35.1559 0.0395 0.0660 0.0129 4.5357 2.3686  1 2014
284.192 35.0908 284.159 35.1596 0.0471 0.0703 0.0239 4.7210 2.4351  1 2014
284.200 35.0931 284.168 35.1628 0.0448 0.0620 0.0277 5.2322 2.5452  1 2014
284.208 35.0955 284.173 35.1647 0.0498 0.0765 0.0231 5.4843 2.5367  1 2014
284.216 35.0981 284.183 35.1684 0.0519 0.0928 0.0109 3.3229 1.8950  1 2014
284.224 35.1008 284.188 35.1702 0.0531 0.0872 0.0190 3.1638 1.8830  1 2014
284.233 35.1036 284.198 35.1739 0.0535 0.0796 0.0273 3.4519 1.9929  1 2014
284.241 35.1066 284.203 35.1757 0.0534 0.0819 0.0249 4.4951 2.2310  1 2014
284.249 35.1096 284.213 35.1789 0.0490 0.0923 0.0057 6.5178 2.7915  1 2014
284.258 35.1126 284.222 35.1819 0.0172 0.0387 0.0010 4.1610 2.4657  1 2014
284.266 35.1155 284.229 35.1876 0.0068 0.0128 0.0007 2.6633 2.1421  1 2014
284.309 35.1272 284.268 35.1951 0.0731 0.1634 0.0010 3.5690 2.1365  1 2014
284.318 35.1290 284.278 35.1985 0.0500 0.0984 0.0015 4.3043 2.3995  1 2014
284.326 35.1305 284.288 35.2019 0.0395 0.0781 0.0009 3.5121 2.3595  1 2014
284.335 35.1318 284.295 35.2046 0.0635 0.1070 0.0200 4.8144 2.5068  1 2014
284.344 35.1328 284.299 35.2062 0.0684 0.1124 0.0245 4.8055 2.4600  1 2014
284.353 35.1335 284.306 35.2081 0.0673 0.0981 0.0365 5.5323 2.5709  1 2014
284.362 35.1339 284.315 35.2114 0.0608 0.0916 0.0300 4.9484 2.5281  1 2014
284.370 35.1340 284.320 35.2131 0.0597 0.0846 0.0348 4.9326 2.5608  1 2014
284.379 35.1337 284.330 35.2165 0.0629 0.0895 0.0363 4.5144 2.3771  1 2014
284.388 35.1331 284.335 35.2181 0.0671 0.0924 0.0417 4.3222 2.2725  1 2014
284.397 35.1322 284.340 35.2196 0.0688 0.0979 0.0396 4.2319 2.2327  1 2014
284.405 35.1310 284.345 35.2212 0.0675 0.1022 0.0328 4.3691 2.2245  1 2014
284.414 35.1295 284.351 35.2226 0.0651 0.1021 0.0282 5.6521 2.3852  1 2014
284.423 35.1278 284.356 35.2240 0.0635 0.0914 0.0356 6.3825 2.5706  1 2014
284.431 35.1260 284.361 35.2252 0.0626 0.0878 0.0374 5.1288 2.5682  1 2014
284.440 35.1241 284.366 35.2265 0.0650 0.0867 0.0432 4.9307 2.5633  1 2014
284.448 35.1223 284.371 35.2279 0.0679 0.0843 0.0516 5.3273 2.6123  1 2014
284.457 35.1204 284.376 35.2290 0.0726 0.1017 0.0435 5.9681 2.7293  1 2014
284.465 35.1187 284.382 35.2302 0.0785 0.1227 0.0343 7.4022 2.9353  1 2014
284.474 35.1171 284.387 35.2312 0.0771 0.1106 0.0436 8.3906 2.9684  1 2014
284.483 35.1157 284.392 35.2322 0.0684 0.1030 0.0338 8.3201 2.9531  1 2014
284.491 35.1142 284.397 35.2331 0.0596 0.0920 0.0271 8.2473 3.0595  1 2014
284.509 35.1113 284.403 35.2337 0.0515 0.0837 0.0193 8.1255 3.1493  1 2014
284.517 35.1098 284.408 35.2344 0.0413 0.0632 0.0195 7.5014 3.0981  1 2014
284.526 35.1082 284.413 35.2347 0.0357 0.0503 0.0211 6.5748 2.8793  1 2014
284.534 35.1066 284.417 35.2350 0.0329 0.0474 0.0184 5.9811 2.6983  1 2014
284.543 35.1050 284.421 35.2350 0.0289 0.0397 0.0182 5.9252 2.6662  1 2014
284.551 35.1036 284.424 35.2358 0.0240 0.0353 0.0126 6.0654 2.6112  1 2014
284.559 35.1025 284.428 35.2355 0.0188 0.0265 0.0112 6.0074 2.4981  1 2014
284.567 35.1018 284.431 35.2354 0.0155 0.0204 0.0106 5.7481 2.4025  1 2014
284.575 35.1017 284.435 35.2352 0.0140 0.0204 0.0077 5.4325 2.3106  1 2014
284.582 35.1024 284.442 35.2343 0.0131 0.0179 0.0084 4.7555 2.3186  1 2014
284.589 35.1038 284.450 35.2319 0.0166 0.0254 0.0079 3.7936 2.1625  1 2014
284.596 35.1062 284.458 35.2300 0.0111 0.0202 0.0021 3.6311 2.1242  1 2014
284.602 35.1094 284.471 35.2238 0.0515 0.1017 0.0013 4.0727 2.3514  1 2014
284.608 35.1134 284.471 35.2300 0.0383 0.0713 0.0054 4.9464 2.7075  1 2014
284.613 35.1181 284.473 35.2364 0.0393 0.0869 0.0010 5.1645 2.9370  1 2014
284.618 35.1234 284.474 35.2424 0.0406 0.0656 0.0156 5.3401 3.1024  1 2014
284.623 35.1292 284.475 35.2464 0.0525 0.0972 0.0077 5.3963 3.1411  1 2014
284.627 35.1353 284.476 35.2496 0.0623 0.1101 0.0146 5.0714 3.0375  1 2014
284.630 35.1416 284.478 35.2537 0.0685 0.1155 0.0216 4.3884 2.7806  1 2014
284.634 35.1481 284.481 35.2614 0.1070 0.1770 0.0371 3.9943 2.5090  1 2014
284.637 35.1546 284.481 35.2658 0.1156 0.1920 0.0393 4.1519 2.3839  1 2014
284.640 35.1612 284.482 35.2700 0.1102 0.1697 0.0507 5.2390 2.7956  1 2014
284.628 35.1660 284.480 35.2570 0.0878 0.1501 0.0255 3.9590 2.6715  1 2014
284.615 35.2244 284.484 35.2830 0.0737 0.1114 0.0360 6.5815 3.4380  1 2014
284.616 35.2311 284.484 35.2872 0.0634 0.0873 0.0396 6.1779 3.4250  1 2014
284.618 35.2352 284.486 35.2913 0.0632 0.0883 0.0380 6.6428 3.6337  1 2014
284.625 35.2392 284.487 35.2957 0.0633 0.0935 0.0332 7.0103 3.5658  1 2014
284.625 35.2233 284.483 35.2787 0.0908 0.1406 0.0410 6.9361 3.2725  1 2014
284.631 35.2545 284.487 35.2998 0.0636 0.0969 0.0304 6.9966 3.3212  1 2014
284.628 35.2659 284.489 35.3036 0.0625 0.1023 0.0227 7.1323 3.2876  1 2014
284.626 35.2708 284.489 35.3080 0.0630 0.0989 0.0270 8.0128 3.3946  1 2014
284.618 35.2829 284.490 35.3124 0.0701 0.1099 0.0303 9.2106 3.5450  1 2014
284.610 35.2935 284.491 35.3168 0.0689 0.1077 0.0301 9.1897 3.6204  1 2014
284.605 35.3014 284.492 35.3210 0.0668 0.1006 0.0331 8.1496 3.4869  1 2014
284.601 35.3103 284.493 35.3253 0.0712 0.1202 0.0222 7.1821 3.2648  1 2014
284.600 35.3150 284.494 35.3294 0.0771 0.1357 0.0184 6.3249 2.9251  1 2014
284.599 35.3196 284.495 35.3335 0.0844 0.1342 0.0346 5.8190 2.7349  1 2014
284.597 35.3285 284.496 35.3379 0.0871 0.1461 0.0281 5.3634 2.7260  1 2014
284.596 35.3327 284.497 35.3423 0.0866 0.1475 0.0258 5.0543 2.8166  1 2014
284.595 35.3403 284.498 35.3467 0.0798 0.1356 0.0240 5.5657 2.8283  1 2014
284.594 35.3437 284.499 35.3505 0.0615 0.1124 0.0106 6.7197 2.7524  1 2014
284.592 35.3502 284.500 35.3545 0.0508 0.0870 0.0146 7.5077 3.1376  1 2014
284.590 35.3567 284.501 35.3589 0.0462 0.0751 0.0173 7.5440 3.5476  1 2014
284.590 35.3601 284.502 35.3631 0.0411 0.0602 0.0220 7.1799 3.5915  1 2014
284.589 35.3676 284.504 35.3669 0.0353 0.0499 0.0206 6.6443 3.4067  1 2014
284.588 35.3718 284.505 35.3702 0.0300 0.0416 0.0183 5.9418 3.1175  1 2014
284.588 35.3761 284.505 35.3735 0.0268 0.0370 0.0167 5.4587 3.0316  1 2014
284.588 35.3807 284.508 35.3799 0.0364 0.0638 0.0089 5.5423 2.7890  1 2014
284.588 35.3855 284.509 35.3839 0.0359 0.0669 0.0048 5.2269 2.5258  1 2014
284.588 35.3903 284.510 35.3874 0.0387 0.0709 0.0065 4.9536 2.5552  1 2014
284.588 35.3954 284.511 35.3916 0.0502 0.0835 0.0170 5.2363 2.8575  1 2014
284.589 35.4007 284.512 35.3960 0.0572 0.0888 0.0256 5.6245 3.1860  1 2014
284.589 35.4062 284.513 35.4003 0.0609 0.1095 0.0123 6.2944 3.3602  1 2014
284.589 35.4121 284.514 35.4092 0.0775 0.1398 0.0152 7.5558 3.3869  1 2014
284.589 35.4183 284.514 35.4136 0.0741 0.1275 0.0207 8.2348 3.8403  1 2014
284.590 35.4247 284.515 35.4180 0.0721 0.1126 0.0316 9.2172 4.2981  1 2014
284.591 35.4313 284.515 35.4269 0.0789 0.1213 0.0365 8.9363 4.0997  1 2014
284.591 35.4380 284.515 35.4313 0.0731 0.1189 0.0274 8.0844 3.6430  1 2014
284.592 35.4447 284.516 35.4386 0.0567 0.1083 0.0051 5.3737 3.1746  1 2014
284.593 35.4513 284.516 35.4451 0.0611 0.0967 0.0255 5.3298 3.1831  1 2014
284.594 35.4579 284.516 35.4490 0.0605 0.1007 0.0203 6.2934 3.4934  1 2014
284.596 35.4643 284.517 35.4577 0.0583 0.1007 0.0160 6.1606 3.6356  1 2014
284.597 35.4707 284.517 35.4615 0.0547 0.1013 0.0081 5.4004 3.3327  1 2014
284.600 35.4769 284.518 35.4689 0.0441 0.0964 0.0010 4.5398 3.0970  1 2014
284.602 35.4831 284.519 35.4753 0.0552 0.1149 0.0010 5.3085 3.0921  1 2014
284.605 35.4893 284.520 35.4809 0.0673 0.1261 0.0084 7.1938 3.2642  1 2014
284.608 35.4955 284.521 35.4853 0.0632 0.1071 0.0192 7.4082 3.3888  1 2014
284.612 35.5016 284.522 35.4897 0.0620 0.1057 0.0183 7.2733 3.2530  1 2014
284.616 35.5077 284.523 35.4985 0.0669 0.1230 0.0107 7.6388 3.0908  1 2014
284.620 35.5139 284.525 35.5028 0.0631 0.0955 0.0306 7.4820 3.2901  1 2014
284.624 35.5200 284.526 35.5071 0.0659 0.1065 0.0254 7.2671 3.3456  1 2014
284.623 35.5243 284.527 35.5143 0.0617 0.1087 0.0148 6.2989 3.0974  1 2014
284.624 35.5308 284.528 35.5182 0.0563 0.1096 0.0030 6.2078 3.2048  1 2014
284.624 35.5375 284.529 35.5266 0.0437 0.0900 0.0010 5.9778 3.3187  1 2014
284.624 35.5442 284.531 35.5320 0.0319 0.0602 0.0036 6.0647 2.9976  1 2014
284.625 35.5510 284.534 35.5403 0.0533 0.0937 0.0128 6.6842 3.7766  1 2014
284.625 35.5579 284.535 35.5447 0.0702 0.1086 0.0317 7.1645 3.5823  1 2014
284.625 35.5649 284.536 35.5529 0.0628 0.1016 0.0239 6.6687 3.0469  1 2014
284.625 35.5718 284.537 35.5607 0.0482 0.0685 0.0279 7.9088 3.3811  1 2014
284.625 35.5786 284.538 35.5652 0.0559 0.0898 0.0221 8.1945 3.5152  1 2014
284.625 35.5852 284.538 35.5741 0.0681 0.1177 0.0184 5.0788 2.8533  1 2014
284.624 35.5916 284.538 35.5784 0.0701 0.1332 0.0071 3.8491 2.5522  1 2014
284.623 35.5977 284.538 35.5868 0.0769 0.1243 0.0295 3.8054 2.6751  1 2014
284.622 35.6035 284.537 35.5910 0.0731 0.1305 0.0156 3.8444 2.7083  1 2014
284.621 35.6090 284.536 35.5988 0.0759 0.1317 0.0201 3.9225 2.7039  1 2014
284.619 35.6142 284.536 35.6023 0.0860 0.1554 0.0167 3.9711 2.7832  1 2014
284.616 35.6192 284.535 35.6065 0.0918 0.1621 0.0216 4.2883 2.8318  1 2014
284.614 35.6240 284.534 35.6108 0.0759 0.1299 0.0218 5.1090 2.9561  1 2014
284.611 35.6286 284.532 35.6190 0.0614 0.0953 0.0275 5.7110 3.0574  1 2014
284.607 35.6333 284.531 35.6233 0.0675 0.1069 0.0280 6.2824 3.1920  1 2014
284.603 35.6380 284.531 35.6276 0.0795 0.1275 0.0314 7.0754 3.3631  1 2014
284.599 35.6429 284.530 35.6350 0.0951 0.1552 0.0350 9.1420 3.6507  1 2014
284.595 35.6479 284.529 35.6392 0.0868 0.1346 0.0390 9.8080 3.7972  1 2014
284.590 35.6531 284.528 35.6435 0.0806 0.1122 0.0490 9.8268 3.7068  1 2014
284.586 35.6583 284.526 35.6515 0.0757 0.1102 0.0413 8.4378 3.6218  1 2014
284.581 35.6623 284.526 35.6555 0.0670 0.1045 0.0295 8.0334 3.4604  1 2014
284.574 35.6674 284.525 35.6599 0.0675 0.1164 0.0187 7.7900 3.4105  1 2014
284.568 35.6732 284.522 35.6679 0.0988 0.1561 0.0416 6.4190 2.9544  1 2014
284.567 35.6794 284.522 35.6710 0.0951 0.1458 0.0443 5.3100 2.6873  1 2014
284.560 35.6837 284.519 35.6788 0.0799 0.1202 0.0396 3.8276 2.5226  1 2014
284.561 35.6917 284.517 35.6853 0.0578 0.1071 0.0084 3.0474 2.3891  1 2014
284.551 35.6987 284.515 35.6929 0.0530 0.0983 0.0076 5.9878 2.7335  1 2014
284.546 35.7050 284.513 35.7012 0.0471 0.0926 0.0016 6.3033 2.7909  1 2014
284.542 35.7113 284.511 35.7051 0.0446 0.0825 0.0067 5.8505 2.7160  1 2014
284.538 35.7179 284.509 35.7126 0.0498 0.0894 0.0103 6.0615 2.7131  1 2014
284.534 35.7247 284.505 35.7206 0.0453 0.0779 0.0127 4.7277 2.6262  1 2014
284.530 35.7318 284.502 35.7275 0.0478 0.0776 0.0179 4.3946 2.6605  1 2014
284.526 35.7390 284.499 35.7342 0.0382 0.0829 0.0010 4.0439 2.4382  1 2014
284.523 35.7466 284.496 35.7417 0.0414 0.0904 0.0010 4.8770 2.5870  1 2014
284.520 35.7543 284.492 35.7496 0.0458 0.0815 0.0101 4.4007 2.6302  1 2014
284.517 35.7621 284.487 35.7573 0.0363 0.0632 0.0093 4.8446 2.7227  1 2014
284.514 35.7700 284.482 35.7639 0.0233 0.0366 0.0101 6.4699 3.2898  1 2014
284.505 35.8014 284.460 35.7960 0.0519 0.0914 0.0125 5.0610 2.4567  1 2014
284.505 35.8101 284.455 35.8030 0.0399 0.0773 0.0025 6.4218 3.1401  1 2014
284.503 35.8182 284.453 35.8099 0.0479 0.0888 0.0070 6.6864 3.3805  1 2014
284.498 35.8259 284.448 35.8196 0.0655 0.1150 0.0160 7.2036 3.1150  1 2014
284.495 35.8348 284.445 35.8275 0.0663 0.1019 0.0307 6.4258 3.2252  1 2014
284.494 35.8394 284.442 35.8313 0.0608 0.0903 0.0313 6.5206 3.2886  1 2014
284.493 35.8437 284.441 35.8353 0.0597 0.0827 0.0366 7.1552 3.4983  1 2014
284.492 35.8476 284.439 35.8391 0.0629 0.0856 0.0402 7.2846 3.6080  1 2014
284.491 35.8509 284.438 35.8431 0.0611 0.0799 0.0423 6.2657 3.4937  1 2014
284.492 35.8553 284.436 35.8474 0.0588 0.0784 0.0392 5.3304 3.2787  1 2014
284.495 35.8784 284.427 35.8663 0.0470 0.0927 0.0014 4.6308 3.1559  1 2014
284.489 35.8847 284.423 35.8739 0.0451 0.0743 0.0159 5.5030 3.3195  1 2014
284.493 35.8925 284.419 35.8815 0.0563 0.0977 0.0150 5.4864 3.2611  1 2014
284.486 35.8964 284.417 35.8853 0.0595 0.0979 0.0211 5.7414 3.4077  1 2014
284.482 35.9004 284.415 35.8892 0.0605 0.0948 0.0262 5.6287 3.4859  1 2014
284.483 35.9091 284.411 35.8969 0.0662 0.0970 0.0354 6.1398 3.4671  1 2014
284.483 35.9173 284.406 35.9049 0.0619 0.0928 0.0310 5.4210 3.2417  1 2014
284.480 35.9254 284.402 35.9128 0.0656 0.1026 0.0287 5.9728 3.3305  1 2014
284.477 35.9332 284.398 35.9208 0.0795 0.1211 0.0379 6.3119 3.4790  1 2014
284.478 35.9417 284.393 35.9289 0.0946 0.1359 0.0534 6.7362 3.3015  1 2014
284.478 35.9508 284.388 35.9370 0.0954 0.1438 0.0469 6.8953 3.1177  1 2014
284.474 35.9608 284.384 35.9451 0.0884 0.1348 0.0420 6.3487 3.3126  1 2014
284.469 35.9683 284.379 35.9531 0.0802 0.1223 0.0380 6.0567 3.1837  1 2014
284.465 35.9717 284.377 35.9571 0.0781 0.1142 0.0421 5.7279 3.0597  1 2014
284.446 35.9725 284.375 35.9612 0.0805 0.1227 0.0383 5.8365 3.0435  1 2014
284.435 35.9745 284.373 35.9652 0.0833 0.1181 0.0484 6.0430 3.1293  1 2014
284.425 35.9789 284.370 35.9693 0.0831 0.1136 0.0525 5.8348 3.1759  1 2014
284.420 35.9821 284.368 35.9733 0.0823 0.1138 0.0508 5.7700 3.2136  1 2014
284.415 35.9859 284.366 35.9774 0.0897 0.1305 0.0489 6.6269 3.5130  1 2014
284.410 35.9901 284.363 35.9814 0.0980 0.1358 0.0602 7.3638 3.6178  1 2014
284.405 35.9946 284.361 35.9854 0.1046 0.1398 0.0694 7.6356 3.5894  1 2014
284.400 35.9992 284.356 35.9933 0.1077 0.1455 0.0698 7.3232 3.7755  1 2014
284.389 36.0071 284.352 36.0010 0.0898 0.1180 0.0615 7.1034 3.5149  1 2014
284.385 36.0143 284.347 36.0088 0.0901 0.1130 0.0672 7.2745 3.5931  1 2014
284.383 36.0227 284.343 36.0160 0.0901 0.1259 0.0542 6.5861 3.5524  1 2014
284.381 36.0308 284.339 36.0235 0.1144 0.1694 0.0595 6.9015 3.4889  1 2014
284.378 36.0358 284.337 36.0274 0.1096 0.1592 0.0600 6.1755 3.3122  1 2014
284.376 36.0412 284.331 36.0351 0.0988 0.1323 0.0653 5.4108 3.1467  1 2014
284.374 36.0496 284.326 36.0428 0.0896 0.1302 0.0491 5.3880 2.8129  1 2014
284.371 36.0580 284.321 36.0503 0.0717 0.1048 0.0386 4.8157 2.5337  1 2014
284.369 36.0665 284.316 36.0579 0.0795 0.1218 0.0372 5.2774 2.7044  1 2014
284.366 36.0751 284.311 36.0657 0.0884 0.1396 0.0371 5.5385 3.1807  1 2014
284.363 36.0829 284.305 36.0736 0.0958 0.1263 0.0653 4.7710 3.1390  1 2014
284.361 36.0916 284.301 36.0809 0.1001 0.1365 0.0637 4.3411 2.7032  1 2014
284.360 36.1000 284.296 36.0884 0.1047 0.1389 0.0705 4.4045 2.8136  1 2014
284.358 36.1033 284.294 36.0924 0.1071 0.1400 0.0741 4.4871 2.8997  1 2014
284.354 36.1133 284.289 36.1003 0.1110 0.1551 0.0669 5.1704 3.2573  1 2014
284.353 36.1198 284.285 36.1081 0.1160 0.1433 0.0888 6.2532 3.7697  1 2014
284.351 36.1262 284.281 36.1158 0.1148 0.1506 0.0789 6.4829 3.9409  1 2014
284.349 36.1327 284.278 36.1199 0.1184 0.1545 0.0823 6.5454 3.9478  1 2014
284.348 36.1392 284.274 36.1281 0.1197 0.1542 0.0853 6.3812 3.9803  1 2014
284.347 36.1458 284.272 36.1322 0.1217 0.1542 0.0891 6.5490 4.1090  1 2014
284.346 36.1525 284.268 36.1404 0.1183 0.1498 0.0869 6.6544 3.8465  1 2014
284.346 36.1593 284.266 36.1443 0.1212 0.1511 0.0913 6.5955 3.9875  1 2014
284.346 36.1662 284.262 36.1525 0.1243 0.1635 0.0850 6.5332 4.1154  1 2014
284.346 36.1733 284.260 36.1566 0.1210 0.1604 0.0816 6.4211 4.0670  1 2014
284.347 36.1805 284.256 36.1650 0.1239 0.1517 0.0961 6.5961 3.9573  1 2014
284.347 36.1877 284.253 36.1735 0.1137 0.1528 0.0746 7.0670 3.9338  1 2014
284.348 36.1950 284.251 36.1777 0.1019 0.1364 0.0675 7.0228 3.7338  1 2014
284.348 36.1967 284.249 36.1819 0.0988 0.1371 0.0605 6.8944 3.4628  1 2014
284.352 36.2037 284.247 36.1861 0.1054 0.1452 0.0656 6.4850 3.3664  1 2014
284.355 36.2117 284.244 36.1944 0.1133 0.1509 0.0756 5.9790 3.4814  1 2014
284.358 36.2198 284.242 36.1986 0.1108 0.1469 0.0747 5.9597 3.5219  1 2014
284.361 36.2279 284.238 36.2069 0.1019 0.1243 0.0795 6.2130 3.7293  1 2014
284.365 36.2360 284.234 36.2153 0.1043 0.1280 0.0806 6.6111 3.7698  1 2014
284.368 36.2442 284.232 36.2194 0.1099 0.1362 0.0836 6.5703 3.7649  1 2014
284.371 36.2524 284.228 36.2277 0.1030 0.1266 0.0795 6.4537 3.7221  1 2014
284.374 36.2607 284.225 36.2361 0.0874 0.1058 0.0689 7.0064 4.0384  1 2014
284.377 36.2691 284.223 36.2403 0.0838 0.1009 0.0668 6.9023 3.9884  1 2014
284.380 36.2775 284.219 36.2487 0.0781 0.0969 0.0592 6.7658 3.7313  1 2014
284.382 36.2860 284.216 36.2570 0.0769 0.1068 0.0470 6.8841 3.4100  1 2014
284.384 36.2946 284.213 36.2646 0.0709 0.1000 0.0419 6.6006 3.3036  1 2014
284.386 36.3032 284.210 36.2729 0.0686 0.0844 0.0527 6.5420 3.4845  1 2014
284.387 36.3119 284.208 36.2772 0.0664 0.0836 0.0492 6.4671 3.3543  1 2014
284.388 36.3206 284.205 36.2857 0.0677 0.0982 0.0373 6.7639 3.0839  1 2014
284.389 36.3294 284.202 36.2943 0.0649 0.0895 0.0403 6.2993 3.1775  1 2014
284.389 36.3381 284.199 36.3029 0.0633 0.0870 0.0397 6.6377 3.1572  1 2014
284.388 36.3468 284.196 36.3115 0.0689 0.0915 0.0463 7.2620 3.4042  1 2014
284.387 36.3555 284.192 36.3200 0.0723 0.0913 0.0534 6.4673 3.2504  1 2014
284.386 36.3641 284.189 36.3285 0.0641 0.0818 0.0464 6.3715 3.1747  1 2014
284.385 36.3727 284.187 36.3371 0.0658 0.0836 0.0480 6.4568 3.3362  1 2014
284.382 36.3813 284.184 36.3458 0.0727 0.0927 0.0528 7.2246 3.6772  1 2014
284.380 36.3898 284.182 36.3545 0.0657 0.0831 0.0483 6.2964 3.4376  1 2014
284.378 36.3982 284.180 36.3588 0.0649 0.0840 0.0458 6.1502 3.3886  1 2014
284.375 36.4067 284.178 36.3675 0.0648 0.0847 0.0449 5.8208 3.1843  1 2014
284.373 36.4092 284.177 36.3716 0.0650 0.0811 0.0490 5.9534 3.1675  1 2014
284.372 36.4117 284.176 36.3759 0.0657 0.0830 0.0484 6.0014 3.1977  1 2014
284.368 36.4175 284.175 36.3803 0.0642 0.0846 0.0438 5.7017 3.0934  1 2014
284.364 36.4217 284.174 36.3844 0.0643 0.0915 0.0371 5.5546 2.9697  1 2014
284.359 36.4277 284.171 36.3929 0.0605 0.0786 0.0424 6.5244 3.2315  1 2014
284.352 36.4333 284.170 36.3991 0.0496 0.0645 0.0347 6.7743 3.1935  1 2014
284.345 36.4388 284.168 36.4059 0.0506 0.0663 0.0348 6.9239 3.2479  1 2014
284.338 36.4442 284.167 36.4117 0.0421 0.0703 0.0138 6.3633 3.0930  1 2014
284.331 36.4496 284.165 36.4177 0.0443 0.0699 0.0187 5.4852 2.9609  1 2014
284.324 36.4550 284.163 36.4245 0.0528 0.0679 0.0377 6.6656 3.1643  1 2014
284.317 36.4603 284.160 36.4319 0.0447 0.0629 0.0265 5.8014 2.9985  1 2014
284.310 36.4655 284.160 36.4351 0.0458 0.0651 0.0265 5.3316 2.9022  1 2014
284.304 36.4705 284.158 36.4420 0.0442 0.0612 0.0272 5.2898 2.8966  1 2014
284.298 36.4755 284.156 36.4489 0.0369 0.0499 0.0240 5.3816 2.8853  1 2014
284.292 36.4804 284.154 36.4554 0.0365 0.0547 0.0183 6.4336 3.1118  1 2014
284.286 36.4852 284.153 36.4588 0.0380 0.0531 0.0228 6.4494 3.1228  1 2014
284.281 36.4898 284.151 36.4648 0.0395 0.0589 0.0201 6.2729 3.1280  1 2014
284.276 36.4944 284.149 36.4705 0.0342 0.0485 0.0198 5.8286 3.0111  1 2014
284.272 36.4989 284.148 36.4739 0.0351 0.0485 0.0218 5.9875 2.9929  1 2014
284.268 36.5033 284.146 36.4805 0.0366 0.0513 0.0220 5.9928 2.9288  1 2014
284.265 36.5077 284.146 36.4843 0.0395 0.0554 0.0235 5.8957 2.8937  1 2014
284.262 36.5120 284.145 36.4884 0.0398 0.0567 0.0230 5.6174 2.8714  1 2014
284.259 36.5164 284.143 36.4925 0.0370 0.0549 0.0192 5.2285 2.8384  1 2014
284.257 36.5207 284.142 36.5006 0.0412 0.0565 0.0260 6.0889 3.0361  1 2014
284.255 36.5252 284.141 36.5044 0.0465 0.0633 0.0297 7.1515 3.2802  1 2014
284.254 36.5298 284.140 36.5088 0.0521 0.0738 0.0303 7.7154 3.4926  1 2014
284.253 36.5347 284.139 36.5131 0.0547 0.0812 0.0281 7.9484 3.5648  1 2014
284.252 36.5398 284.138 36.5173 0.0545 0.0811 0.0278 8.1521 3.4758  1 2014
284.251 36.5453 284.137 36.5215 0.0573 0.0840 0.0307 8.2668 3.4577  1 2014
284.250 36.5512 284.136 36.5303 0.0608 0.0810 0.0407 7.7313 3.3263  1 2014
284.250 36.5574 284.135 36.5346 0.0666 0.0872 0.0460 7.3401 3.2702  1 2014
284.250 36.5640 284.133 36.5424 0.0662 0.0823 0.0501 5.7367 2.9674  1 2014
284.250 36.5708 284.132 36.5476 0.0789 0.1089 0.0490 6.0440 3.1453  1 2014
284.249 36.5779 284.131 36.5509 0.0867 0.1083 0.0651 6.3612 3.2246  1 2014
