%Beach characteristics derived from lidar surveys, compiled by USGS PCMSC on 20210120_1519
%iso_lon    %iso_lat    %sl_lon    %sl_lat    %dom_runup    %slope    %95_up  %95_low    %dhigh    %dlow    %esi    %runup_usefrac    %month    %year
   241.865     33.6997    241.89041     33.73901     0      0.01484      0.02103      0.00866         4.37         3.94 1B 1.00     4  2016
   241.869     33.6970    241.89828     33.73611     1      0.12015      0.12405      0.11625         1.73         0.58 1B 0.73     4  2016
   241.876     33.6907    241.91219     33.73006     0      0.09923      0.26514      0.00000         5.08         3.19  4 1.00     4  2016
   241.879     33.6870    241.91788     33.72573     0      0.14744      0.17811      0.11676         3.59         1.63  4 1.00     4  2016
   241.883     33.6839    241.92282     33.72091     1      0.12697      0.13231      0.12163         3.61         0.53 1B 0.86     4  2016
   241.887     33.6809    241.92580     33.71828     0      0.15044      0.23549      0.06538         3.59         1.66  4 1.00     4  2016
   241.891     33.6785    241.92954     33.71503     0      0.10726      0.22292      0.00000         3.06         1.58  4 1.00     4  2016
   241.895     33.6762    241.93738     33.70877     0      0.04735      0.07204      0.02267         2.83         2.18  4 1.00     4  2016
   241.900     33.6743    241.94118     33.70557     0      0.10331      0.16416      0.04247         3.85         1.66  4 1.00     4  2016
   241.904     33.6726    241.94478     33.70222     0      0.08530      0.14756      0.02304         4.01         1.68 3A 1.00     4  2016
   241.909     33.6707    241.94802     33.69876     0      0.13148      0.16816      0.09480         3.86         2.97 3A 1.00     4  2016
   241.913     33.6687    241.95118     33.69498     0      0.12938      0.15799      0.10077         4.26         1.68 3A 1.00     4  2016
   241.917     33.6665    241.95443     33.69139     0      0.10731      0.14213      0.07248         3.37         2.47 1B 0.99     4  2016
   241.921     33.6637    241.95720     33.68864     0      0.12498      0.19399      0.05597         2.84         1.08 3A 1.00     4  2016
   241.925     33.6609    241.95992     33.68584     0      0.15212      0.18012      0.12411         3.72         1.59 3A 1.00     4  2016
   241.929     33.6586    241.96268     33.68314     0      0.13200      0.28714      0.00000         5.62         3.48 1B 1.00     4  2016
   241.933     33.6561    241.96524     33.68131     0      0.13212      0.19012      0.07411         4.97         1.66 3A 0.73     4  2016
   241.937     33.6530    241.96883     33.67801     0      0.14478      0.23077      0.05878         7.78         4.09 6B 1.00     4  2016
   241.941     33.6498    241.97183     33.67529     0      0.10397      0.22845      0.00000         4.96         4.00 6B 1.00     4  2016
   241.945     33.6474    241.97576     33.67220     0      0.07978      0.10711      0.05245         7.27         2.94 1B 1.00     4  2016
   241.949     33.6450    241.97893     33.66975     0      0.05066      0.08291      0.01842        10.22         2.27 1B 1.00     4  2016
   241.953     33.6428    241.98208     33.66730     0      0.08301      0.18647      0.00000         6.14         4.31 6B 1.00     4  2016
   241.958     33.6406    241.98515     33.66479     0      0.05428      0.14571      0.00000         3.75         0.54 1B 0.78     4  2016
   241.962     33.6386    241.98820     33.66220     0      0.08341      0.18240      0.00000         3.40         0.57 1B 0.81     4  2016
   241.967     33.6368    241.99114     33.65967     0      0.02789      0.07289      0.00000         9.91         4.11 3A 1.00     4  2016
   241.971     33.6347    241.99413     33.65704     0      0.02763      0.08739      0.00000         4.96         3.56 3A 1.00     4  2016
   241.975     33.6326    241.99749     33.65460     0      0.02799      0.14465      0.00000         8.40         3.09 1B 1.00     4  2016
   241.980     33.6305    242.00126     33.65272     0      0.05283      0.22949      0.00000         3.27         3.02 1B 1.00     4  2016
   241.984     33.6282    242.00469     33.65063     1      0.16027      0.18144      0.13911         2.90         0.56 1B 0.81     4  2016
   241.988     33.6260    242.00894     33.64786     1      0.16723      0.19769      0.13678         3.13         0.71 1B 0.76     4  2016
   241.993     33.6238    242.01227     33.64559     1      0.17080      0.20016      0.14145         3.11         0.53 1B 0.85     4  2016
   241.997     33.6217    242.01575     33.64334     1      0.10389      0.10995      0.09783         0.88         0.56 1B 0.75     4  2016
   242.001     33.6196    242.02002     33.64062     1      0.08955      0.09276      0.08634         2.49         0.54 1B 0.72     4  2016
   242.006     33.6175    242.02344     33.63846     1      0.10669      0.11254      0.10084         2.44         0.57 1B 0.74     4  2016
   242.010     33.6157    242.02714     33.63634     0      0.07690      0.21087      0.00000         2.57         1.76 1B 0.97     4  2016
   242.015     33.6138    242.03149     33.63406     0      0.06133      0.09556      0.02711         2.66         0.60 1B 0.84     4  2016
   242.019     33.6119    242.03501     33.63201     0      0.06989      0.14901      0.00000         1.50         0.59 1B 0.84     4  2016
   242.023     33.6099    242.03871     33.63008     0      0.09957      0.26074      0.00000         1.71         0.58 3A 1.00     4  2016
   242.028     33.6077    242.04351     33.62782     0      0.04794      0.14941      0.00000         2.33         0.57 1B 0.81     4  2016
   242.032     33.6054    242.04919     33.62514     1      0.13482      0.14977      0.11988         3.33         0.59 1B 0.79     4  2016
   242.037     33.6037    242.05463     33.62232     0      0.01592      0.16253      0.00000         2.31         0.54 1B 0.80     4  2016
   242.041     33.6021    242.05987     33.61937     0      0.06659      0.20021      0.00000         1.56         0.58 1B 0.84     4  2016
   242.046     33.6004    242.06280     33.61680     0      0.08018      0.11527      0.04509         2.94         0.56 1B 0.85     4  2016
   242.050     33.5985    242.06536     33.61388     0      0.07109      0.09951      0.04266         2.65         0.57 1B 0.84     4  2016
   242.055     33.5973    242.06802     33.61104     0      0.07397      0.08861      0.05934         1.91         0.54 1B 0.83     4  2016
   242.059     33.5978    242.06981     33.60874     0      0.07721      0.10960      0.04483         2.37         2.37 1B 1.00     4  2016
   242.064     33.5980    242.07172     33.60664     0      0.09355      0.16492      0.02218         1.01         0.56  4 1.00     4  2016
   242.069     33.5974    242.07475     33.60573     0      0.06759      0.08229      0.05288         2.45         1.63  4 1.00     4  2016
   242.074     33.5969    242.07793     33.60532     0      0.09388      0.18549      0.00228         2.84         1.67  4 1.00     4  2016
   242.079     33.5959    242.08211     33.60438     0      0.11873      0.15741      0.08005         3.17         1.66  4 1.00     4  2016
   242.083     33.5949    242.08619     33.60325     0      0.11545      0.20675      0.02416         1.92         0.34  4 1.00     4  2016
   242.088     33.5944    242.09148     33.60219     0      0.12636      0.19401      0.05872         2.15         1.00  4 1.00     4  2016
   242.093     33.5941    242.09557     33.60124     0      0.12326      0.22489      0.02163         4.14         0.25  4 1.00     4  2016
   242.098     33.5935    242.10062     33.59970     0      0.14357      0.21388      0.07326         3.89         1.44 1B 0.80     4  2016
   242.102     33.5926    242.10464     33.59826     0      0.12205      0.19620      0.04790         3.72         2.39  4 1.00     4  2016
   242.107     33.5916    242.10942     33.59647     0      0.09756      0.19536      0.00000         3.45         2.50 1B 1.00     4  2016
   242.112     33.5901    242.11444     33.59453     0      0.10110      0.22819      0.00000         3.12         2.08 1B 0.99     4  2016
   242.125     33.5848    242.12879     33.59141     0      0.09628      0.22941      0.00000         9.50         1.94 2A 0.98     4  2016
   242.130     33.5827    242.13254     33.58837     0      0.09978      0.24934      0.00000         6.81         3.31 2A 1.00     4  2016
   242.134     33.5806    242.13586     33.58478     0      0.09032      0.22537      0.00000         2.84         0.57 2A 0.79     4  2016
   242.138     33.5783    242.14193     33.58262     0      0.08253      0.11503      0.05003        13.59         2.23  4 1.00     4  2016
   242.143     33.5761    242.14617     33.57999     0      0.11088      0.26579      0.00000        12.79         2.86 2A 1.00     4  2016
   242.147     33.5740    242.15116     33.57825     0      0.08560      0.12085      0.05036        17.89         2.23  4 1.00     4  2016
   242.151     33.5718    242.15591     33.57612     0      0.07626      0.09857      0.05395        20.49         1.92  4 1.00     4  2016
   242.155     33.5692    242.15923     33.57395     0      0.04879      0.10594      0.00000         3.34         1.66  4 1.00     4  2016
   242.159     33.5663    242.16282     33.57063     0      0.08886      0.14877      0.02895        20.46         2.23 2A 1.00     4  2016
   242.163     33.5635    242.16666     33.56644     0      0.09313      0.16977      0.01649        22.53         3.20 3A 1.00     4  2016
   242.167     33.5608    242.17232     33.56400     0      0.09521      0.22778      0.00000        21.17         2.12 3A 1.00     4  2016
   242.171     33.5581    242.17586     33.56197     0      0.08057      0.15268      0.00845        16.45         1.73 3A 1.00     4  2016
   242.175     33.5554    242.17941     33.55852     0      0.03406      0.05909      0.00903        13.91         2.68 3A 1.00     4  2016
   242.179     33.5527    242.18025     33.55408     0      0.08380      0.18338      0.00000        21.09         1.79 2A 1.00     4  2016
   242.183     33.5499    242.18551     33.55271     0      0.07886      0.14659      0.01114        19.69         3.54 1B 1.00     4  2016
   242.187     33.5473    242.18961     33.55204     0      0.06577      0.13083      0.00070        16.94         1.60  4 1.00     4  2016
   242.192     33.5453    242.19279     33.54850     0      0.08003      0.17333      0.00000         3.72         2.69 2A 1.00     4  2016
   242.196     33.5433    242.19769     33.54670     0      0.06398      0.10913      0.01883         2.79         1.74  4 0.98     4  2016
   242.200     33.5413    242.20286     33.54529     0      0.05677      0.17563      0.00000        11.11         2.23 2A 1.00     4  2016
   242.205     33.5393    242.20873     33.54336     0      0.11995      0.24614      0.00000        13.51         1.69 6A 1.00     4  2016
   242.209     33.5366    242.21301     33.54266     0      0.10933      0.18412      0.03454        10.04         1.59  4 0.89     4  2016
   242.213     33.5338    242.21707     33.54002     0      0.11516      0.14299      0.08732         6.38         4.47 1B 1.00     4  2016
   242.216     33.5307    242.22065     33.53552     0      0.11191      0.14657      0.07725        15.12         1.97 6B 1.00     4  2016
   242.220     33.5277    242.22434     33.53116     0      0.11832      0.16690      0.06974         2.28         0.59  4 0.61     4  2016
   242.224     33.5246    242.22878     33.52711     0      0.10357      0.21412      0.00000        10.39         2.81 1B 1.00     4  2016
   242.228     33.5214    242.23296     33.52428     0      0.08367      0.16118      0.00615        16.78        -0.32 2A 0.82     4  2016
   242.231     33.5180    242.23553     33.52039     0      0.08780      0.21705      0.00000        16.96         1.63 2A 1.00     4  2016
   242.234     33.5145    242.23821     33.51758     0      0.07147      0.09488      0.04806        15.29         3.42  4 1.00     4  2016
   242.238     33.5111    242.24135     33.51433     0      0.11409      0.25904      0.00000        15.39         4.44  4 1.00     4  2016
   242.241     33.5076    242.24557     33.51161     0      0.06380      0.14261      0.00000        16.71         2.16 2A 1.00     4  2016
   242.245     33.5042    242.24860     33.50785     0      0.07086      0.17905      0.00000        16.02         4.20  4 1.00     4  2016
   242.248     33.5007    242.25233     33.50345     0      0.05732      0.12933      0.00000        26.77         3.50  4 1.00     4  2016
   242.251     33.4971    242.25632     33.49918     0      0.09018      0.15230      0.02805        18.40         3.19  4 1.00     4  2016
   242.254     33.4934    242.25976     33.49567     0      0.05587      0.08681      0.02493        23.47         3.97 2A 1.00     4  2016
   242.257     33.4896    242.26145     33.49197     0      0.06493      0.16155      0.00000        21.43         2.78 2A 1.00     4  2016
   242.260     33.4857    242.26483     33.48866     0      0.07422      0.11859      0.02985        26.62         3.49 3A 1.00     4  2016
   242.263     33.4817    242.26873     33.48440     0      0.12610      0.22870      0.02350        23.56         2.60 6B 1.00     4  2016
   242.265     33.4776    242.27382     33.48315     0      0.09590      0.17567      0.01613         9.45         1.88 6B 1.00     4  2016
   242.268     33.4737    242.27603     33.47918     0      0.08663      0.11463      0.05863        14.79         3.51 6B 1.00     4  2016
   242.271     33.4697    242.27818     33.47408     0      0.05482      0.18963      0.00000        20.51         3.97  4 1.00     4  2016
   242.273     33.4655    242.28232     33.46873     0      0.11274      0.18335      0.04213         9.91         1.27 6B 0.98     4  2016
   242.276     33.4613    242.28417     33.46549     0      0.09544      0.11914      0.07174        12.45         5.11 6B 1.00     4  2016
   242.279     33.4576    242.28508     33.46299     0      0.09764      0.12749      0.06779        13.37         2.66  4 1.00     4  2016
   242.282     33.4539    242.28477     33.46054     0      0.12537      0.23079      0.01995        31.20         2.55 2A 1.00     4  2016
   242.286     33.4514    242.28789     33.46008     0      0.14005      0.17545      0.10465        17.08         1.15 2A 0.99     4  2016
   242.290     33.4489    242.29117     33.46061     0      0.12272      0.21604      0.02940        22.19         3.34  4 1.00     4  2016
   242.308     33.4405    242.31375     33.46185     1      0.21562      0.25144      0.17979         3.70         0.58 1B 0.89     4  2016
   242.312     33.4385    242.32201     33.46065     0      0.13895      0.25841      0.01950         6.30         4.05  4 1.00     4  2016
   242.316     33.4366    242.32811     33.45692     0      0.08228      0.13037      0.03419         2.90         1.65  4 1.00     4  2016
   242.321     33.4344    242.33410     33.45305     0      0.08495      0.21391      0.00000         4.64         3.64 1B 1.00     4  2016
   242.325     33.4320    242.34070     33.44998     0      0.08833      0.16414      0.01252         3.81         3.28 1B 1.00     4  2016
   242.329     33.4296    242.34504     33.44746     0      0.10297      0.15880      0.04714         3.06         3.06 1B 1.00     4  2016
   242.333     33.4271    242.34839     33.44511     0      0.11537      0.14567      0.08506         3.29         2.82 1B 1.00     4  2016
   242.337     33.4246    242.35241     33.44213     0      0.11211      0.19254      0.03168         3.05         1.97 1B 0.93     4  2016
   242.341     33.4219    242.35829     33.43831     0      0.09076      0.14296      0.03857        25.85         6.73  4 1.00     4  2016
   242.345     33.4192    242.36293     33.43456     0      0.10472      0.17934      0.03009         2.82         1.71 1B 0.85     4  2016
   242.349     33.4164    242.36785     33.43096     0      0.11528      0.16605      0.06451         6.16         5.63 6B 1.00     4  2016
   242.353     33.4135    242.37176     33.42668     0      0.10867      0.15921      0.05813         3.72         3.18 6B 1.00     4  2016
   242.357     33.4102    242.37643     33.42295     0      0.12334      0.16830      0.07837         5.46         2.48 6B 1.00     4  2016
   242.360     33.4068    242.37913     33.42013     0      0.08819      0.14717      0.02922        10.89         5.16  4 1.00     4  2016
   242.364     33.4033    242.38205     33.41641     0      0.08878      0.12284      0.05473        12.38         5.33 1B 1.00     4  2016
   242.367     33.3998    242.38646     33.41238     0      0.11922      0.17913      0.05930         4.93         4.77 6B 1.00     4  2016
   242.370     33.3959    242.39016     33.40796     0      0.06739      0.17914      0.00000         4.47         2.83  4 1.00     4  2016
   242.372     33.3919    242.39417     33.40374     0      0.13125      0.20860      0.05389         6.14         3.43 6B 1.00     4  2016
   242.375     33.3880    242.39767     33.39924     0      0.10490      0.16778      0.04202         5.18         4.71 6B 1.00     4  2016
   242.378     33.3841    242.39954     33.39602     0      0.07464      0.11936      0.02993         5.86         4.67 6B 1.00     4  2016
   242.381     33.3806    242.40112     33.39266     0      0.09080      0.15308      0.02852         4.38         3.57 6B 1.00     4  2016
   242.385     33.3769    242.40252     33.38917     0      0.08487      0.20858      0.00000         4.32         3.82 6B 1.00     4  2016
   242.388     33.3731    242.40387     33.38679     0      0.07929      0.14643      0.01216         2.79         1.70  4 1.00     4  2016
   242.391     33.3693    242.40657     33.38522     0      0.13355      0.25703      0.01006         2.69         1.65 2A 1.00     4  2016
   242.394     33.3659    242.40959     33.38419     0      0.13567      0.18227      0.08907         2.28         1.76  4 1.00     4  2016
   242.397     33.3624    242.41308     33.38235     0      0.14102      0.19712      0.08493         3.15         1.68 2A 1.00     4  2016
   242.401     33.3592    242.41739     33.38170     0      0.09331      0.16713      0.01950         3.59         0.56 2A 1.00     4  2016
   242.405     33.3560    242.42145     33.38055     0      0.06629      0.34017      0.00000         1.99         0.56 2A 1.00     4  2016
   242.409     33.3532    242.42574     33.38010     0      0.10349      0.19208      0.01490         4.11         1.55 3A 1.00     4  2016
   242.413     33.3505    242.42961     33.37702     1      0.18536      0.21498      0.15574         2.86         0.53 1B 0.85     4  2016
   242.417     33.3481    242.43412     33.37324     0      0.08095      0.11748      0.04442         4.38         4.06 1B 1.00     4  2016
   242.421     33.3458    242.44145     33.36955     0      0.13733      0.18202      0.09264         2.69         2.09 1B 1.00     4  2016
   242.425     33.3433    242.44500     33.36753     0      0.12455      0.13338      0.11573         8.10         4.52 1B 1.00     4  2016
   242.429     33.3407    242.44990     33.36563     0      0.10345      0.15668      0.05023        15.73         3.48 3A 1.00     4  2016
   242.433     33.3379    242.45509     33.36250     0      0.13275      0.14455      0.12096        13.19         2.46 3A 1.00     4  2016
   242.437     33.3352    242.45905     33.35947     0      0.10613      0.16409      0.04818         6.34         5.10 6A 1.00     4  2016
   242.441     33.3321    242.46387     33.35589     0      0.14067      0.21167      0.06968        12.97         3.17 3A 1.00     4  2016
   242.445     33.3289    242.46881     33.35233     0      0.14185      0.23422      0.04948        30.21         4.11 2A 1.00     4  2016
   242.448     33.3261    242.47276     33.34937     0      0.08880      0.12493      0.05267         5.63         2.90 3A 1.00     4  2016
   242.452     33.3233    242.47709     33.34661     0      0.10518      0.14854      0.06181        18.44         2.08 3A 1.00     4  2016
   242.456     33.3206    242.48186     33.34298     0      0.11261      0.14065      0.08458         9.13         4.50 3A 1.00     4  2016
   242.460     33.3179    242.48573     33.33985     0      0.10412      0.12508      0.08317        27.08         5.07 3A 1.00     4  2016
   242.464     33.3150    242.48951     33.33669     0      0.09149      0.19716      0.00000        20.29         5.32 3A 0.94     4  2016
   242.468     33.3118    242.49389     33.33281     0      0.08458      0.15777      0.01138        12.44         4.43 3A 1.00     4  2016
   242.471     33.3084    242.49754     33.32943     0      0.08996      0.11601      0.06390         8.00         5.62 3A 1.00     4  2016
   242.474     33.3045    242.50247     33.32474     0      0.08923      0.12299      0.05546         7.81         4.22 3A 1.00     4  2016
   242.477     33.3009    242.50672     33.32061     0      0.08271      0.10097      0.06446        19.90         4.47 3A 1.00     4  2016
   242.481     33.2975    242.51013     33.31716     0      0.07523      0.12681      0.02364        25.62         2.42 3A 1.00     4  2016
   242.484     33.2941    242.51343     33.31362     0      0.04787      0.06865      0.02709         8.56         6.22 3A 0.99     4  2016
   242.488     33.2906    242.51687     33.31011     0      0.07314      0.10888      0.03740        29.50         5.92 3A 1.00     4  2016
   242.491     33.2872    242.52074     33.30580     0      0.06378      0.09963      0.02793        14.05         4.68 3A 1.00     4  2016
   242.494     33.2837    242.52390     33.30217     0      0.03959      0.09506      0.00000        14.11         4.02 3A 1.00     4  2016
   242.498     33.2802    242.52710     33.29858     0      0.05594      0.07570      0.03617        18.22         4.31 3A 1.00     4  2016
   242.501     33.2769    242.53039     33.29500     0      0.04987      0.09115      0.00858         5.54         3.44 3A 1.00     4  2016
   242.505     33.2735    242.53346     33.29139     0      0.04124      0.05321      0.02928         2.88         2.10 3A 1.00     4  2016
   242.508     33.2701    242.53683     33.28776     0      0.04380      0.20066      0.00000        11.81         6.13 3A 1.00     4  2016
   242.512     33.2668    242.53977     33.28403     0      0.06767      0.08376      0.05158        22.00         4.56 3A 1.00     4  2016
   242.515     33.2636    242.54279     33.28035     0      0.04606      0.07665      0.01547         3.57         1.84 3A 1.00     4  2016
   242.519     33.2604    242.54605     33.27668     0      0.04725      0.06511      0.02938        17.69         4.52 3A 1.00     4  2016
   242.523     33.2571    242.54902     33.27294     0      0.04367      0.08432      0.00302         8.74         3.64 3A 1.00     4  2016
   242.526     33.2538    242.55234     33.26938     0      0.05624      0.09571      0.01677        17.99         4.31 3A 1.00     4  2016
   242.529     33.2504    242.55603     33.26493     0      0.12502      0.22752      0.02252         2.04         0.55 3A 1.00     4  2016
   242.533     33.2469    242.55839     33.26197     0      0.12194      0.29445      0.00000         2.24         0.62 3A 1.00     4  2016
   242.536     33.2433    242.56123     33.25818     0      0.02092      0.04437      0.00000         5.26         2.47 3A 1.00     4  2016
   242.539     33.2398    242.56414     33.25441     0      0.02932      0.04733      0.01131        14.31         3.65 3A 1.00     4  2016
   242.543     33.2362    242.56720     33.25076     0      0.02552      0.07289      0.00000         7.75         1.45 3A 1.00     4  2016
   242.546     33.2326    242.57031     33.24696     0      0.03044      0.07433      0.00000         8.84         2.83 3A 1.00     4  2016
   242.549     33.2288    242.57336     33.24326     0      0.03596      0.08139      0.00000        11.90         4.18 3A 1.00     4  2016
   242.552     33.2251    242.57644     33.23951     0      0.04942      0.11420      0.00000        12.31         3.65 3A 1.00     4  2016
   242.555     33.2212    242.57949     33.23582     0      0.02357      0.08783      0.00000         7.92         3.20 3A 1.00     4  2016
   242.558     33.2174    242.58319     33.23146     0      0.02562      0.02970      0.02155         1.88         0.57 3A 1.00     4  2016
   242.561     33.2136    242.58869     33.22481     0      0.07377      0.09134      0.05620         2.89         0.52 3A 1.00     4  2016
   242.564     33.2097    242.59044     33.22256     0      0.04723      0.10977      0.00000         3.12         0.54 3A 1.00     4  2016
   242.566     33.2058    242.59294     33.21874     0      0.03141      0.17193      0.00000         2.74         1.50 3A 1.00     4  2016
   242.570     33.2020    242.59475     33.21560     0      0.01755      0.02660      0.00850         3.49         2.42 3A 1.00     4  2016
   242.583     33.1886    242.60546     33.20468     0      0.01496      0.07602      0.00000         2.92         0.58 1B 0.81     4  2016
   242.587     33.1854    242.60823     33.20207     0      0.12676      0.30315      0.00000         2.03         0.52 3A 1.00     4  2016
   242.591     33.1823    242.61280     33.19711     0      0.06377      0.11810      0.00944        10.00         5.40 3A 1.00     4  2016
   242.595     33.1794    242.61589     33.19334     0      0.04179      0.08017      0.00341        11.27         3.73 3A 1.00     4  2016
   242.599     33.1765    242.61930     33.18991     0      0.11810      0.20721      0.02900        10.97         4.15 6B 1.00     4  2016
   242.603     33.1740    242.62181     33.18696     0      0.11662      0.20134      0.03189         8.98         1.44 6B 0.97     4  2016
   242.607     33.1715    242.62437     33.18409     0      0.13162      0.23432      0.02893         4.28         4.29 6B 1.00     4  2016
   242.611     33.1688    242.62812     33.17966     0      0.11530      0.16250      0.06810         2.40         1.51 6B 0.97     4  2016
   242.615     33.1661    242.63130     33.17605     0      0.11475      0.15927      0.07022         5.97         5.39 6B 1.00     4  2016
   242.619     33.1633    242.63456     33.17249     1      0.61526      0.89392      0.33661         3.33         0.47 1B 0.93     4  2016
   242.623     33.1605    242.63831     33.16806     0      0.11120      0.14922      0.07318         2.82         2.38 6B 1.00     4  2016
   242.626     33.1575    242.64058     33.16499     0      0.08512      0.10498      0.06526         4.08         2.41 6B 1.00     4  2016
   242.630     33.1545    242.64330     33.16120     0      0.09503      0.16096      0.02910         5.87         2.39 6B 1.00     4  2016
   242.634     33.1512    242.64625     33.15741     0      0.06884      0.09915      0.03853         7.15         3.53 1B 1.00     4  2016
   242.637     33.1479    242.64843     33.15428     0      0.10818      0.25581      0.00000        14.24         3.86 6B 1.00     4  2016
   242.641     33.1443    242.65175     33.14967     0      0.05287      0.06373      0.04202        13.11         3.44 1B 1.00     4  2016
   242.644     33.1407    242.65463     33.14581     0      0.10473      0.31125      0.00000         7.95         3.88 6B 1.00     4  2016
   242.647     33.1368    242.65820     33.14247     0      0.14259      0.19411      0.09107         3.98         2.76 1B 1.00     4  2016
   242.652     33.1289    242.66233     33.13419     0      0.09360      0.13038      0.05682        11.40         2.82 6B 1.00     4  2016
   242.655     33.1248    242.66516     33.12939     0      0.11004      0.16353      0.05656        11.83         1.15 1B 0.89     4  2016
   242.658     33.1208    242.66920     33.12521     2          NaN          NaN          NaN        15.94        -0.13 3A 0.77     4  2016
   242.660     33.1168    242.67186     33.12129     0      0.09797      0.13010      0.06584         2.19         0.53 6A 1.00     4  2016
   242.663     33.1126    242.67403     33.11718     0      0.09278      0.12274      0.06283         7.55         2.53 6A 1.00     4  2016
   242.665     33.1083    242.67605     33.11207     0      0.08486      0.10171      0.06802         8.82         2.49 6A 1.00     4  2016
   242.667     33.1040    242.67789     33.10785     0      0.10468      0.15524      0.05412        18.04         2.34 6B 1.00     4  2016
   242.669     33.0996    242.68006     33.10270     0      0.10040      0.15961      0.04120        19.00         2.18 6A 1.00     4  2016
   242.671     33.0952    242.68188     33.09847     0      0.09271      0.13132      0.05410        13.63         2.37 6A 1.00     4  2016
   242.673     33.0907    242.68415     33.09346     0      0.08947      0.10853      0.07041        13.24         2.37 6A 1.00     4  2016
   242.674     33.0861    242.68580     33.08909     0      0.08253      0.20031      0.00000        12.11         5.82 6A 1.00     4  2016
   242.676     33.0816    242.68740     33.08494     0      0.06723      0.11846      0.01599         3.25         2.24 6A 1.00     4  2016
   242.678     33.0773    242.68870     33.07967     0      0.09546      0.15526      0.03566        17.60         1.85 6A 0.96     4  2016
   242.680     33.0728    242.69007     33.07527     0      0.09080      0.13484      0.04675        15.15         1.53 6A 1.00     4  2016
   242.682     33.0684    242.69189     33.07098     0      0.11529      0.15092      0.07966        20.12         2.16 1B 1.00     4  2016
   242.684     33.0639    242.69376     33.06682     0      0.10971      0.19144      0.02799         6.10         1.08 1B 0.96     4  2016
   242.686     33.0594    242.69564     33.06259     0      0.09756      0.12338      0.07173        26.94         2.56 6A 1.00     4  2016
   242.687     33.0549    242.69778     33.05747     0      0.10405      0.19362      0.01449        23.76         1.83 3A 1.00     4  2016
   242.689     33.0503    242.69948     33.05320     0      0.11046      0.19388      0.02703        19.79         1.75 3A 0.99     4  2016
   242.691     33.0457    242.70110     33.04888     0      0.11327      0.19716      0.02938        14.33         2.90 6B 1.00     4  2016
   242.692     33.0412    242.70234     33.04459     0      0.11518      0.13302      0.09734        22.45         3.39 6A 1.00     4  2016
   242.694     33.0369    242.70357     33.03918     0      0.11029      0.14691      0.07367        12.30         1.62 6A 1.00     4  2016
   242.697     33.0327    242.70574     33.03525     0      0.10707      0.22862      0.00000        22.62         1.21 6B 0.99     4  2016
   242.699     33.0285    242.70885     33.03299     0      0.09367      0.13431      0.05303        24.06         2.03 6B 1.00     4  2016
   242.702     33.0243    242.71109     33.02883     0      0.09879      0.16437      0.03321        15.39         2.14 6B 0.99     4  2016
   242.703     33.0198    242.71316     33.02466     0      0.08931      0.10705      0.07157        18.82         2.96 6B 1.00     4  2016
   242.705     33.0153    242.71666     33.01809     0      0.11239      0.15718      0.06760         3.90         2.51 2A 1.00     4  2016
   242.706     33.0106    242.71916     33.01415     0      0.03538      0.13008      0.00000        16.21         4.71 6A 1.00     4  2016
   242.707     33.0059    242.72075     33.00803     0      0.05145      0.08767      0.01524         4.68         2.44 6B 1.00     4  2016
   242.708     33.0012    242.72124     33.00359     0      0.05046      0.06954      0.03139         2.89         2.35 6B 1.00     4  2016
   242.709     32.9964    242.72289     32.99841     0      0.11052      0.25181      0.00000        20.00         1.15 1B 0.97     4  2016
   242.710     32.9917    242.72458     32.99419     0      0.11211      0.16191      0.06231        22.83         2.00 1B 1.00     4  2016
   242.711     32.9869    242.72539     32.99071     0      0.06126      0.08115      0.04137        20.32         1.42 3A 0.96     4  2016
   242.712     32.9822    242.72617     32.98618     0      0.06313      0.07916      0.04711        20.66         2.41 3A 1.00     4  2016
   242.713     32.9774    242.72729     32.98088     0      0.09364      0.20065      0.00000        19.52         1.66 1B 0.96     4  2016
   242.715     32.9680    242.73068     32.96959     0      0.06626      0.12260      0.00993         0.57         0.57 1B 0.77     4  2016
   242.716     32.9632    242.73135     32.96510     0      0.11624      0.23618      0.00000         1.98         0.58 1B 1.00     4  2016
   242.717     32.9586    242.73154     32.95968     0      0.06451      0.10704      0.02198         9.27         2.38 2A 1.00     4  2016
   242.719     32.9539    242.73249     32.95527     0      0.07777      0.10243      0.05311        17.16         1.78 1B 1.00     4  2016
   242.720     32.9492    242.73369     32.95178     0      0.09931      0.16936      0.02926        15.47         1.37 3A 0.98     4  2016
   242.721     32.9445    242.73532     32.94748     0      0.10160      0.13350      0.06969        17.50         2.16 3A 1.00     4  2016
   242.723     32.9400    242.73686     32.94318     0      0.11277      0.13089      0.09465        16.62         3.27 3A 1.00     4  2016
   242.724     32.9354    242.73816     32.93786     0      0.07476      0.09376      0.05577        16.37         2.90 6B 1.00     4  2016
   242.726     32.9308    242.73946     32.93259     0      0.07572      0.10583      0.04561         3.53         3.30 6B 1.00     4  2016
   242.727     32.9261    242.74010     32.92810     0      0.14121      0.21722      0.06519         6.19         5.35 6B 1.00     4  2016
   242.728     32.9214    242.74062     32.92270     0      0.07658      0.11245      0.04072        30.71         2.94 3A 1.00     4  2016
   242.729     32.9167    242.74083     32.91829     0      0.09966      0.16894      0.03039        19.45         1.83 6A 1.00     4  2016
   242.730     32.9120    242.74175     32.91379     0      0.08726      0.18960      0.00000        21.26         1.39 2A 0.94     4  2016
   242.732     32.9074    242.74375     32.90870     0      0.06464      0.07965      0.04963        29.68         2.64 3A 1.00     4  2016
   242.733     32.9027    242.74515     32.90442     0      0.06920      0.15876      0.00000        29.78         3.99 6A 1.00     4  2016
   242.734     32.8980    242.74586     32.89994     0      0.04757      0.07773      0.01740         2.92         2.12 3A 1.00     4  2016
   242.735     32.8932    242.74641     32.89460     0      0.05767      0.09064      0.02470        29.61         3.49 3A 1.00     4  2016
   242.735     32.8885    242.74656     32.88917     0      0.04875      0.06114      0.03635        18.69         4.60 3A 1.00     4  2016
   242.736     32.8837    242.74707     32.88383     0      0.04771      0.08502      0.01040        30.68         2.35 3A 1.00     4  2016
   242.740     32.8804    242.74837     32.88032     0      0.12211      0.24395      0.00026        30.04         2.79 6A 1.00     4  2016
   242.743     32.8771    242.74891     32.87680     0      0.10348      0.16615      0.04082        27.40         1.24 6A 0.99     4  2016
   242.741     32.8725    242.74788     32.87241     0      0.11800      0.17824      0.05776        29.99         3.41 3A 1.00     4  2016
   242.739     32.8683    242.74581     32.86652     0      0.04955      0.06538      0.03372         8.88         1.12 1B 0.74     4  2016
   242.736     32.8647    242.74318     32.85876     0      0.01833      0.06258      0.00000         4.28         3.29 1B 1.00     4  2016
   242.735     32.8604    242.73983     32.85324     0      0.06966      0.11391      0.02541         1.65         1.16 1B 1.00     4  2016
   242.734     32.8566    242.73746     32.85143     0      0.07735      0.09912      0.05558        -0.28        -0.00 1B 0.72     4  2016
   242.730     32.8561    242.73379     32.84899     0      0.10824      0.25663      0.00000        25.20         1.54 2A 1.00     4  2016
   242.725     32.8557    242.72911     32.85015     0      0.11975      0.13276      0.10675        28.21         0.00 1A 0.76     4  2016
   242.720     32.8549    242.72577     32.85064     0      0.12729      0.17812      0.07645         4.83         2.89 3A 1.00     4  2016
   242.715     32.8542    242.72367     32.84855     0      0.12395      0.19347      0.05443        12.58         0.79 3A 0.72     4  2016
   242.711     32.8518    242.72112     32.84733     1      0.80253      0.81593      0.78914         6.48         0.74 1B 0.81     4  2016
   242.707     32.8493    242.72091     32.84455     0      0.10666      0.17395      0.03937        10.64         1.63 1B 1.00     4  2016
   242.705     32.8452    242.71865     32.84276     0      0.10198      0.22062      0.00000         1.59         0.52 2A 1.00     4  2016
   242.703     32.8408    242.71844     32.83843     0      0.11901      0.19546      0.04257         3.76         2.45 3A 1.00     4  2016
   242.704     32.8361    242.71854     32.83571     0      0.10559      0.16981      0.04137         7.40         2.89 1B 0.99     4  2016
   242.705     32.8314    242.71817     32.83222     0      0.11794      0.18844      0.04744         8.86         1.15 2A 0.97     4  2016
   242.706     32.8267    242.71946     32.82883     0      0.09269      0.22415      0.00000         7.29         0.56 3A 1.00     4  2016
   242.707     32.8220    242.71976     32.82444     0      0.07405      0.12518      0.02292         2.30         0.45 2A 0.68     4  2016
   242.708     32.8172    242.72018     32.82110     2          NaN          NaN          NaN         5.75         0.78 2A 0.83     4  2016
   242.708     32.8124    242.72351     32.81892     1      0.95349      0.99507      0.91190         3.66        -0.38 1B 0.67     4  2016
   242.709     32.8076    242.72694     32.81699     0      0.13186      0.16898      0.09474        13.88         0.41 6A 0.63     4  2016
   242.711     32.8036    242.72722     32.81413     0      0.15090      0.15725      0.14455         9.79         0.71 6B 0.85     4  2016
   242.715     32.8002    242.72997     32.81140     0      0.15062      0.15546      0.14578        13.61         0.53 2A 0.75     4  2016
   242.718     32.7965    242.73567     32.80744     0      0.13554      0.21364      0.05744         9.59         2.80 3A 1.00     4  2016
   242.721     32.7926    242.74019     32.80135     0      0.04340      0.08549      0.00130         8.62         2.10 3A 0.99     4  2016
   242.723     32.7884    242.74342     32.79467     0      0.06782      0.15006      0.00000         3.62         2.80 1B 1.00     4  2016
   242.725     32.7841    242.74484     32.78855     1      0.07059      0.07561      0.06556         2.62         0.59 1B 0.82     4  2016
   242.727     32.7795    242.74599     32.78226     1      0.07921      0.08426      0.07417         2.43         0.55 1B 0.89     4  2016
   242.728     32.7748    242.74629     32.77600     1      0.08670      0.09598      0.07742         2.65         0.55 1B 0.88     4  2016
   242.728     32.7700    242.74656     32.77150     0      0.06708      0.13717      0.00000         2.67         2.67 1B 1.00     4  2016
   242.728     32.7651    242.74691     32.76611     1      0.07353      0.08533      0.06174         2.83         0.57 1B 0.84     4  2016
   242.727     32.7603    242.74623     32.75978     0      0.04226      0.08507      0.00000         4.27         2.38 1B 1.00     4  2016
   242.727     32.7556    242.74723     32.75348     0      0.11724      0.17058      0.06391         3.88         1.68 3A 1.00     4  2016
   242.725     32.7508    242.74676     32.74826     1      0.12044      0.12893      0.11195         1.87         0.55 1B 0.89     4  2016
   242.725     32.7461    242.74448     32.74470     0      0.09411      0.19052      0.00000        13.41         3.33 1B 1.00     4  2016
   242.724     32.7413    242.74482     32.73840     0      0.12122      0.17160      0.07085         2.17         0.54 1B 0.73     4  2016
   242.724     32.7365    242.74359     32.73410     0      0.10546      0.11846      0.09246        10.21         4.08 1B 1.00     4  2016
   242.725     32.7316    242.74316     32.73010     2      1.74288          NaN          NaN         8.02        -0.12 2A 0.73     4  2016
   242.725     32.7268    242.74307     32.72607     2      1.25787          NaN          NaN         4.15        -0.70 6B 0.92     4  2016
   242.726     32.7220    242.74287     32.72252     0      0.12578      0.14351      0.10806        14.86         3.07 6B 1.00     4  2016
   242.726     32.7172    242.74326     32.71892     0      0.10398      0.28735      0.00000        16.69         1.56 2A 1.00     4  2016
   242.726     32.7124    242.74382     32.71301     0      0.11844      0.16147      0.07541        13.55         1.91 3A 1.00     4  2016
   242.726     32.7076    242.74457     32.70942     0      0.13856      0.21043      0.06669        15.27         1.20 3A 0.98     4  2016
   242.726     32.7027    242.74438     32.70491     0      0.15211      0.21000      0.09422        21.74         1.97 2A 1.00     4  2016
   242.728     32.6981    242.74467     32.70051     0      0.12558      0.20317      0.04800        16.42         1.07 2A 0.85     4  2016
   242.729     32.6934    242.74604     32.69706     2      3.84542          NaN          NaN        15.77        -0.00 6A 0.67     4  2016
   242.729     32.6886    242.74732     32.69206     0      0.12835      0.17021      0.08649        23.57         2.41 2A 1.00     4  2016
   242.730     32.6838    242.74989     32.68831     0      0.12898      0.24211      0.01585        27.32         1.49 2A 1.00     4  2016
   242.731     32.6791    242.75143     32.68272     0      0.11769      0.21829      0.01710        21.44         2.56 2A 1.00     4  2016
   242.732     32.6744    242.75189     32.67933     0      0.13906      0.18008      0.09803         9.42         5.96 6B 1.00     4  2016
   242.734     32.6699    242.75321     32.67686     2      2.65737          NaN          NaN        28.44         0.00 2A 0.66     4  2016
   242.736     32.6653    242.75385     32.67426     0      0.09808      0.19967      0.00000         8.80         0.58 2A 0.75     4  2016
   242.737     32.6606    242.75456     32.67181     1      0.52098      0.76557      0.27638        22.65         0.00 2A 0.99     4  2016
   242.738     32.6560    242.75467     32.67000     2      0.32466          NaN          NaN        13.65         0.00 6A 0.72     4  2016
   242.740     32.6514    242.75533     32.66852     0      0.09588      0.13458      0.05719        13.87         0.49 6A 0.69     4  2016
   242.743     32.6490    242.75654     32.66546     0      0.11576      0.16006      0.07147         8.55         0.36 6B 0.61     4  2016
   242.749     32.6430    242.75836     32.66528     0      0.12280      0.14655      0.09904        17.69         0.45 6B 0.68     4  2016
   242.756     32.6372    242.75931     32.66566     0      0.12125      0.19256      0.04994        27.77         1.93 2A 1.00     4  2016
   242.765     32.6364    242.76128     32.66631     0      0.14323      0.19031      0.09614         8.91         2.05 6B 1.00     4  2016
   242.779     32.6311    242.76190     32.68171     0      0.12718      0.18955      0.06481        12.25         3.64 1B 1.00     4  2016
   242.783     32.6304    242.78734     32.68710     0      0.02527      0.06569      0.00000         2.38         1.72 3A 1.00     4  2016
   242.788     32.6303    242.80512     32.68603     0      0.03050      0.08193      0.00000         2.35         0.61 3A 1.00     4  2016
   242.793     32.6319    242.81793     32.68070     0      0.03485      0.10451      0.00000         4.29         2.47 6B 1.00     4  2016
   242.797     32.6333    242.82875     32.67347     0      0.12209      0.20807      0.03610         3.20         1.03 3A 1.00     4  2016
   242.802     32.6345    242.83603     32.66677     0      0.07482      0.12982      0.01983         4.70         1.69 3A 1.00     4  2016
   242.807     32.6353    242.84143     32.66036     0      0.06501      0.10640      0.02362         3.95         1.64 3A 1.00     4  2016
   242.811     32.6330    242.84574     32.65413     0      0.07954      0.13285      0.02622         4.20         0.96 3A 1.00     4  2016
   242.815     32.6306    242.84969     32.64777     0      0.08937      0.14469      0.03404         3.02         2.22 3A 1.00     4  2016
   242.818     32.6268    242.85321     32.64130     0      0.13634      0.22544      0.04724         2.87         0.59 3A 1.00     4  2016
   242.821     32.6229    242.85681     32.63479     0      0.13113      0.17805      0.08420         2.14         1.60 3A 1.00     4  2016
   242.822     32.6182    242.85973     32.62807     1      0.06743      0.08900      0.04587         3.07         0.56 1B 0.83     4  2016
   242.823     32.6134    242.86223     32.62121     0      0.06178      0.11287      0.01069         3.57         1.69 3A 1.00     4  2016
   242.823     32.6086    242.86410     32.61506     0      0.09078      0.15548      0.02608         4.28         3.82 3A 1.00     4  2016
   242.823     32.6038    242.86552     32.60886     0      0.08956      0.17233      0.00680         4.66         3.84 3A 1.00     4  2016
   242.824     32.5989    242.86639     32.60258     0      0.08025      0.17155      0.00000         7.19         4.31 3A 1.00     4  2016
   242.824     32.5942    242.86714     32.59638     0      0.09089      0.16705      0.01473         3.32         1.68 3A 1.00     4  2016
   242.826     32.5895    242.86728     32.59099     0      0.05336      0.08464      0.02207         3.25         1.59 3A 1.00     4  2016
   242.827     32.5849    242.86733     32.58562     0      0.10465      0.16376      0.04553         3.15         2.68 6B 1.00     4  2016
   242.829     32.5803    242.86699     32.58019     0      0.09572      0.16125      0.03019         3.64         3.64 1B 1.00     4  2016
   242.829     32.5756    242.86754     32.57650     0      0.11553      0.19564      0.03543         3.46         1.73 6B 0.88     4  2016
   242.830     32.5708    242.86731     32.57291     0      0.15060      0.20108      0.10012         4.70         4.08 6B 1.00     4  2016
   242.830     32.5659    242.86690     32.56932     1      0.10670      0.11591      0.09750         3.79         0.19 6B 0.96     4  2016
   242.831     32.5611    242.86695     32.56573     0      0.07753      0.17683      0.00000         3.92         3.72 3A 1.00     4  2016
   242.832     32.5564    242.86788     32.56219     0      0.08928      0.18775      0.00000         4.05         3.73 3A 1.00     4  2016
   242.832     32.5516    242.86872     32.55846     0      0.13925      0.23397      0.04453         3.29         1.66 3A 1.00     4  2016
   242.834     32.5469    242.87125     32.55449     0      0.10169      0.15089      0.05249         2.83         1.69 3A 1.00     4  2016
   242.835     32.5424    242.87317     32.55036     0      0.06272      0.09113      0.03432         3.56         2.46 3A 1.00     4  2016
   242.838     32.5385    242.87354     32.54947     0      0.08395      0.15458      0.01332         3.48         2.26 3A 1.00     4  2016
   242.840     32.5342    242.87476     32.54512     0      0.11739      0.20601      0.02876         3.44         1.61 3A 1.00     4  2016
   242.842     32.5299    242.87563     32.54061     0      0.13183      0.25159      0.01207         4.51         3.76 3A 1.00     4  2016
   242.843     32.5252    242.87601     32.53431     0      0.05933      0.09179      0.02688         4.68         2.53 3A 1.00     4  2016
