%Beach characteristics derived from lidar surveys, compiled by USGS PCMSC on 20210120_1529
%iso_lon    %iso_lat    %sl_lon    %sl_lat    %dom_runup    %slope    %95_up  %95_low    %dhigh    %dlow    %esi    %runup_usefrac    %month    %year
   235.423     48.3752    235.42095     48.37037     0      0.05909      0.08593      0.03225         3.69         1.38  4 1.00     4  2016
   235.418     48.3767    235.41207     48.37204     0      0.08714      0.19870      0.00000        17.48         2.71 2A 0.99     4  2016
   235.383     48.3864    235.36616     48.37971     0      0.09250      0.19288      0.00000         6.59         5.24 2A 1.00     4  2016
   235.378     48.3860    235.36341     48.38168     0      0.09042      0.19910      0.00000        11.68         2.67  4 1.00     4  2016
   235.374     48.3868    235.36133     48.38395     0      0.11206      0.23287      0.00000        17.62         4.17 2A 1.00     4  2016
   235.369     48.3879    235.36256     48.38702     0      0.08325      0.22717      0.00000        13.65         2.24 2A 0.98     4  2016
   235.365     48.3891    235.36063     48.38826     0      0.12470      0.17126      0.07813        14.89         3.49 2A 1.00     4  2016
   235.361     48.3903    235.35664     48.38841     0      0.10704      0.21846      0.00000        18.01         4.33 2A 1.00     4  2016
   235.356     48.3915    235.35260     48.38861     0      0.09339      0.22148      0.00000        17.72         2.91 2A 1.00     4  2016
   235.352     48.3923    235.34907     48.38989     0      0.07270      0.18003      0.00000        18.74         3.44 2A 1.00     4  2016
   235.347     48.3928    235.34574     48.38999     0      0.10455      0.19567      0.01344        14.50         4.83 2A 1.00     4  2016
   235.342     48.3928    235.34244     48.39060     0      0.05602      0.19684      0.00000         8.86         3.38 2A 1.00     4  2016
   235.338     48.3929    235.33817     48.38983     0      0.12057      0.20695      0.03419        26.63         6.44 2A 1.00     4  2016
   235.333     48.3933    235.33464     48.38865     0      0.11834      0.26834      0.00000         5.25         3.51 2A 1.00     4  2016
   235.329     48.3932    235.33078     48.38879     1      0.68238      0.83489      0.52988        13.06        -0.00 2A 0.62     4  2016
   235.324     48.3929    235.32600     48.39020     0      0.10495      0.18259      0.02731        29.22         4.22 2A 1.00     4  2016
   235.315     48.3925    235.31975     48.39025     0      0.08311      0.29377      0.00000        18.67         2.98 2A 0.99     4  2016
   235.310     48.3922    235.31530     48.38956     0      0.10863      0.23985      0.00000        20.58         4.62 2A 1.00     4  2016
   235.306     48.3918    235.30959     48.39028     0      0.10869      0.22630      0.00000        13.46         6.15 1A 1.00     4  2016
   235.301     48.3915    235.30071     48.38864     0      0.11486      0.16840      0.06132        30.36         5.39 1A 1.00     4  2016
   235.296     48.3911    235.29647     48.38717     0      0.11058      0.13041      0.09076        24.21         2.27 1A 1.00     4  2016
   235.283     48.3901    235.27960     48.38725     0      0.08372      0.08762      0.07983        38.15         4.27 2A 1.00     4  2016
   235.278     48.3898    235.27658     48.38715     2      3.23516          NaN          NaN        20.66         0.00 2A 0.67     4  2016
   235.259     48.3862    235.26912     48.37941     2      3.92301          NaN          NaN        30.03        -0.00 2A 0.62     4  2016
   235.260     48.3817    235.26979     48.37645     0      0.09266      0.17501      0.01031         9.69         2.95 2A 1.00     4  2016
   235.262     48.3773    235.27225     48.37486     0      0.08679      0.08721      0.08638        16.81         2.45 1A 0.91     4  2016
   235.269     48.3611    235.28472     48.36717     0      0.11858      0.20370      0.03346        22.17         0.90 6D 0.90     4  2016
   235.273     48.3586    235.28681     48.36442     2      2.24189          NaN          NaN        19.08         0.00 1A 0.63     4  2016
   235.276     48.3552    235.29044     48.36225     0      0.13029      0.21502      0.04555        11.52         4.31 2A 1.00     4  2016
   235.279     48.3516    235.29264     48.35732     0      0.13085      0.21171      0.04998         6.00         2.52  5 1.00     4  2016
   235.282     48.3481    235.29498     48.35281     0      0.12563      0.19638      0.05487        25.24         5.15 6D 1.00     4  2016
   235.285     48.3446    235.29865     48.35183     0      0.12329      0.27130      0.00000        20.99         4.01 6D 1.00     4  2016
   235.288     48.3410    235.30179     48.35074     0      0.08099      0.17758      0.00000        29.53         2.42 2A 1.00     4  2016
   235.291     48.3374    235.30404     48.34860     0      0.13751      0.21641      0.05862        23.47         2.72 2A 1.00     4  2016
   235.294     48.3336    235.30458     48.34600     0      0.13573      0.29000      0.00000        25.96         3.04 2A 0.99     4  2016
   235.297     48.3307    235.31017     48.34064     0      0.13053      0.22913      0.03194         9.35         3.43 2A 1.00     4  2016
   235.301     48.3278    235.33132     48.33978     0      0.03320      0.04495      0.02146         4.29         1.41 3A 1.00     4  2016
   235.301     48.3235    235.34029     48.32999     0      0.03000      0.04319      0.01681         3.72         2.31 3A 1.00     4  2016
   235.300     48.3190    235.33635     48.31635     0      0.03970      0.04875      0.03064         4.03         2.54 2A 1.00     4  2016
   235.301     48.3144    235.33618     48.30752     0      0.03216      0.04653      0.01780         3.68         2.58 2A 1.00     4  2016
   235.301     48.3099    235.33447     48.30045     0      0.03204      0.04486      0.01922        23.20         3.78 2A 1.00     4  2016
   235.301     48.3053    235.32733     48.29632     0      0.06911      0.10727      0.03094        19.29         5.30 1A 1.00     4  2016
   235.298     48.3013    235.31726     48.29710     2      1.95398          NaN          NaN        30.12        -0.00 1A 0.64     4  2016
   235.299     48.2968    235.31358     48.29044     2      1.36603          NaN          NaN        20.64         0.00 1A 0.64     4  2016
   235.299     48.2923    235.31286     48.28914     0      0.07421      0.11550      0.03293        11.83         3.28 1A 0.97     4  2016
   235.299     48.2877    235.31325     48.28720     0      0.09586      0.19694      0.00000        19.64         2.06 1A 0.99     4  2016
   235.299     48.2831    235.31666     48.28425     0      0.12613      0.20718      0.04507        17.33         1.43 2A 0.91     4  2016
   235.298     48.2786    235.31850     48.27885     0      0.13197      0.20344      0.06049        23.14         1.26 2A 0.84     4  2016
   235.297     48.2740    235.31936     48.27235     0      0.07527      0.12141      0.02914        13.83         5.01 2A 1.00     4  2016
   235.295     48.2699    235.31898     48.26607     0      0.08624      0.09711      0.07537        11.52         4.78  4 1.00     4  2016
   235.292     48.2664    235.31739     48.25986     0      0.07498      0.12649      0.02346        15.41         3.60  4 1.00     4  2016
   235.290     48.2628    235.31359     48.25418     0      0.04691      0.06052      0.03330         8.67         3.39  4 1.00     4  2016
   235.288     48.2584    235.30693     48.24983     0      0.04268      0.07839      0.00697         3.43         2.75  4 1.00     4  2016
   235.285     48.2499    235.30054     48.24550     0      0.12839      0.19019      0.06659        27.09         2.11 2A 0.92     4  2016
   235.283     48.2455    235.29720     48.24209     0      0.10866      0.29062      0.00000        31.48         3.60 2A 1.00     4  2016
   235.284     48.2365    235.29607     48.23725     0      0.10253      0.18810      0.01696        25.62         5.03 2A 1.00     4  2016
   235.285     48.2320    235.29865     48.23417     0      0.12385      0.24750      0.00020        19.81         5.44 1A 0.62     4  2016
   235.286     48.2275    235.30093     48.23053     0      0.11771      0.23394      0.00147        20.92         4.31 2A 0.99     4  2016
   235.285     48.2230    235.30628     48.22484     0      0.13507      0.19330      0.07683        17.23         4.74 6D 1.00     4  2016
   235.285     48.2185    235.30976     48.21931     0      0.14361      0.22260      0.06462        18.56         4.64 1A 1.00     4  2016
   235.284     48.2139    235.30862     48.21227     0      0.09683      0.14323      0.05042         9.76         3.32 1A 1.00     4  2016
   235.283     48.2094    235.30614     48.20531     0      0.11659      0.15020      0.08298        15.34         2.60 1A 0.81     4  2016
   235.282     48.2050    235.30402     48.19919     0      0.13609      0.19084      0.08133        10.90         3.12 1A 0.90     4  2016
   235.280     48.2009    235.30112     48.19321     0      0.14308      0.19421      0.09196        24.82         3.73 1A 0.96     4  2016
   235.277     48.1972    235.29777     48.18774     0      0.09510      0.20470      0.00000        26.98         3.39 6D 1.00     4  2016
   235.273     48.1944    235.29445     48.18363     0      0.05322      0.06853      0.03791         4.74         1.69 2A 1.00     4  2016
   235.270     48.1918    235.28703     48.18169     0      0.08489      0.14615      0.02363        15.02         4.04 1A 1.00     4  2016
   235.266     48.1891    235.28138     48.17811     0      0.13646      0.20275      0.07017        16.89         3.18 1A 1.00     4  2016
   235.262     48.1870    235.27913     48.17601     0      0.13686      0.22628      0.04744        20.55         4.36 2A 1.00     4  2016
   235.257     48.1856    235.27759     48.17454     0      0.13277      0.20650      0.05905        15.55         3.65 2A 0.98     4  2016
   235.253     48.1841    235.27578     48.17321     0      0.12849      0.16794      0.08905         8.48         4.85 2A 1.00     4  2016
   235.249     48.1826    235.27392     48.17191     0      0.10556      0.16280      0.04832        12.15         2.32 2A 1.00     4  2016
   235.244     48.1810    235.27169     48.17093     0      0.10971      0.18665      0.03277        23.97         6.64 2A 1.00     4  2016
   235.240     48.1794    235.26912     48.17040     0      0.07929      0.18366      0.00000         6.51         4.07 2A 1.00     4  2016
   235.232     48.1747    235.26755     48.16781     0      0.07059      0.10423      0.03696         6.06         3.14 10D 0.96     4  2016
   235.230     48.1707    235.26705     48.16605     0      0.07365      0.11791      0.02939        19.03         4.89 2A 1.00     4  2016
   235.230     48.1663    235.26664     48.16428     0      0.08271      0.19316      0.00000        22.54         4.57 2A 1.00     4  2016
   235.233     48.1626    235.26667     48.16251     0      0.06023      0.12997      0.00000        23.58         6.29 2A 1.00     4  2016
   235.241     48.1516    235.27372     48.15741     0      0.10641      0.18855      0.02426        13.97         5.53 2A 0.97     4  2016
   235.244     48.1483    235.27611     48.15528     0      0.11886      0.15880      0.07891        18.02         3.20 2A 1.00     4  2016
   235.248     48.1460    235.27823     48.15299     0      0.11726      0.15772      0.07680         8.58         3.26 2A 1.00     4  2016
   235.252     48.1439    235.27907     48.15128     0      0.12864      0.18533      0.07195        16.40         3.23 2A 1.00     4  2016
   235.256     48.1416    235.27960     48.14871     0      0.13203      0.19159      0.07246        25.44         3.77  5 1.00     4  2016
   235.260     48.1391    235.28196     48.14728     0      0.12432      0.17208      0.07655        13.50         3.04  5 0.88     4  2016
   235.263     48.1357    235.28676     48.13958     0      0.10979      0.16652      0.05306        24.93         4.60  5 1.00     4  2016
   235.265     48.1315    235.28920     48.13544     0      0.12043      0.21695      0.02390        26.53         4.15  5 1.00     4  2016
   235.266     48.1270    235.29181     48.13265     0      0.06917      0.18712      0.00000        19.92         5.80  5 1.00     4  2016
   235.267     48.1225    235.29248     48.12925     0      0.06550      0.16541      0.00000         4.57         0.98 2A 1.00     4  2016
   235.268     48.1181    235.28747     48.12608     0      0.06343      0.14385      0.00000         9.08         2.58 2A 1.00     4  2016
   235.269     48.1137    235.29731     48.12185     0      0.03078      0.03573      0.02582         2.80         2.30  4 1.00     4  2016
   235.270     48.1091    235.30466     48.11558     0      0.05458      0.06392      0.04525        10.68         3.66  4 1.00     4  2016
   235.272     48.1051    235.30769     48.10883     0      0.12664      0.26466      0.00000        11.86         3.31 2A 1.00     4  2016
   235.275     48.1012    235.30851     48.10266     0      0.11406      0.16073      0.06740         7.13         4.29 2A 0.98     4  2016
   235.276     48.0968    235.31315     48.09627     0      0.09022      0.18558      0.00000        11.22         5.39  4 1.00     4  2016
   235.277     48.0923    235.30817     48.09009     0      0.09398      0.19978      0.00000        13.81         3.03 2A 1.00     4  2016
   235.277     48.0877    235.30466     48.08458     0      0.12412      0.17116      0.07708         8.39         3.57 2A 1.00     4  2016
   235.279     48.0833    235.30453     48.08099     0      0.11638      0.16517      0.06758         5.62         2.88 2A 0.95     4  2016
   235.280     48.0790    235.30461     48.07650     0      0.14326      0.19254      0.09399        15.81         3.27 2A 1.00     4  2016
   235.282     48.0747    235.30392     48.07385     0      0.13605      0.21021      0.06188        19.29         4.60 2A 1.00     4  2016
   235.284     48.0705    235.30326     48.07034     0      0.14084      0.21662      0.06507        19.82         3.16 2A 1.00     4  2016
   235.285     48.0661    235.30506     48.06798     0      0.14624      0.19999      0.09248        17.57         3.60 2A 1.00     4  2016
   235.287     48.0618    235.30760     48.06490     0      0.14850      0.20756      0.08943         7.55         4.39 2A 1.00     4  2016
   235.288     48.0573    235.30579     48.06103     2      2.16639          NaN          NaN        18.00        -0.00 2A 0.63     4  2016
   235.289     48.0528    235.30747     48.05785     0      0.08344      0.21701      0.00000        22.17         0.96 2A 0.85     4  2016
   235.289     48.0482    235.31271     48.05253     0      0.15408      0.22763      0.08053        14.54         3.19 2A 1.00     4  2016
   235.290     48.0436    235.31521     48.04842     0      0.14434      0.21283      0.07585        15.71         3.38 2A 1.00     4  2016
   235.291     48.0391    235.31649     48.04319     0      0.14527      0.19385      0.09669        19.92         4.05  4 1.00     4  2016
   235.291     48.0345    235.31801     48.03528     0      0.05994      0.07947      0.04042         4.40         2.82 2A 1.00     4  2016
   235.290     48.0299    235.31784     48.03170     0      0.05188      0.06425      0.03952         3.15         2.72 2A 1.00     4  2016
   235.290     48.0252    235.31830     48.02654     0      0.02974      0.04077      0.01872         4.39         2.48 2A 1.00     4  2016
   235.290     48.0207    235.31863     48.02215     0      0.05942      0.09228      0.02657        26.26         2.55 2A 0.99     4  2016
   235.288     48.0165    235.32029     48.01821     0      0.07758      0.22062      0.00000         2.53         1.00 6A 1.00     4  2016
   235.286     48.0122    235.32131     48.01469     0      0.05936      0.09134      0.02738        17.66         2.34 6A 1.00     4  2016
   235.285     48.0082    235.32224     48.01024     0      0.14693      0.22666      0.06720        15.96         4.09 6A 1.00     4  2016
   235.283     48.0039    235.32217     48.00581     0      0.10621      0.16177      0.05066        18.18         2.88 2A 1.00     4  2016
   235.284     47.9994    235.31984     48.00175     0      0.06780      0.13350      0.00211        16.98         3.01 2A 1.00     4  2016
   235.286     47.9904    235.32333     47.99435     0      0.09588      0.14480      0.04695        16.36         3.11 6A 1.00     4  2016
   235.289     47.9873    235.32488     47.99061     0      0.09635      0.15374      0.03896        21.51         2.37 6A 0.90     4  2016
   235.292     47.9840    235.32700     47.98749     0      0.09538      0.19506      0.00000        13.60         2.73 6A 0.93     4  2016
   235.295     47.9803    235.32944     47.98247     0      0.13470      0.19920      0.07020        12.02         3.41 2A 1.00     4  2016
   235.298     47.9765    235.32862     47.97808     0      0.13546      0.16487      0.10606         8.33         2.73 2A 1.00     4  2016
   235.300     47.9726    235.32550     47.97362     0      0.13151      0.17961      0.08341        10.73         2.19 2A 0.99     4  2016
   235.302     47.9685    235.32726     47.96767     0      0.13383      0.20508      0.06258        12.13         3.14 1A 1.00     4  2016
   235.304     47.9643    235.32630     47.96498     0      0.11719      0.15882      0.07556        16.80         3.65 1A 1.00     4  2016
   235.306     47.9602    235.33027     47.96525     0      0.11606      0.14270      0.08942         9.01         2.49 6D 0.99     4  2016
   235.309     47.9564    235.33394     47.96518     0      0.11017      0.15661      0.06372        12.43         3.46 2A 1.00     4  2016
   235.312     47.9537    235.33691     47.96064     0      0.12981      0.17644      0.08318        12.23         3.05 1A 1.00     4  2016
   235.316     47.9508    235.33473     47.95860     0      0.12070      0.26973      0.00000        21.00         2.70 1A 0.99     4  2016
   235.319     47.9476    235.33704     47.95519     0      0.11809      0.17408      0.06209        15.00         2.94 2A 1.00     4  2016
   235.322     47.9440    235.33846     47.94932     0      0.13630      0.31566      0.00000        19.47         3.70 2A 1.00     4  2016
   235.325     47.9404    235.34048     47.94621     0      0.13165      0.18696      0.07635        26.77         2.40 1A 1.00     4  2016
   235.328     47.9366    235.34639     47.94523     0      0.12637      0.20656      0.04618        10.46         5.19  5 0.87     4  2016
   235.331     47.9331    235.34985     47.94172     0      0.10990      0.22189      0.00000        12.95         3.57 6A 1.00     4  2016
   235.331     47.9285    235.35310     47.93794     0      0.06828      0.15811      0.00000         3.88         0.97 6A 1.00     4  2016
   235.332     47.9241    235.35683     47.93222     0      0.04239      0.16481      0.00000         2.16         1.03 6A 1.00     4  2016
   235.334     47.9198    235.35859     47.92885     0      0.08534      0.14243      0.02824         4.40         1.77 6A 1.00     4  2016
   235.335     47.9155    235.35998     47.92447     0      0.06884      0.14109      0.00000        13.42         8.87 6A 1.00     4  2016
   235.337     47.9111    235.36139     47.91916     0      0.10513      0.18546      0.02480         4.12         3.73 1B 0.96     4  2016
   235.340     47.9025    235.36854     47.90226     0      0.04201      0.07281      0.01121         5.40         2.94  5 1.00     4  2016
   235.342     47.8984    235.37013     47.89982     0      0.07775      0.15532      0.00017         5.36         3.64  5 1.00     4  2016
   235.343     47.8939    235.37100     47.89721     0      0.08130      0.14808      0.01451        24.99         4.11  5 1.00     4  2016
   235.344     47.8895    235.36751     47.89470     0      0.08533      0.20213      0.00000         5.30         2.62 2A 1.00     4  2016
   235.347     47.8860    235.36768     47.89292     0      0.06523      0.14543      0.00000         5.56         3.03 2A 1.00     4  2016
   235.351     47.8829    235.37114     47.89194     0      0.04043      0.07486      0.00600         5.28         3.50 6A 1.00     4  2016
   235.363     47.8758    235.38127     47.88517     0      0.07916      0.14313      0.01519        14.75         3.19 6A 1.00     4  2016
   235.367     47.8749    235.38685     47.88267     0      0.07953      0.14287      0.01618        17.05         1.90  4 0.97     4  2016
   235.371     47.8735    235.38867     47.88134     0      0.04401      0.10108      0.00000        17.13         3.23 6A 1.00     4  2016
   235.376     47.8714    235.39165     47.87768     0      0.10021      0.15657      0.04384         9.46         2.73 1A 1.00     4  2016
   235.380     47.8697    235.39182     47.87474     0      0.11641      0.18166      0.05115        20.49         2.92 1A 1.00     4  2016
   235.384     47.8683    235.38892     47.87247     0      0.10796      0.21600      0.00000        20.19         2.41 1A 0.92     4  2016
   235.388     47.8659    235.39043     47.87181     0      0.12624      0.17712      0.07537        10.07         3.73 1A 1.00     4  2016
   235.392     47.8644    235.39402     47.87303     0      0.14551      0.19379      0.09723        10.95         3.51 1A 1.00     4  2016
   235.397     47.8641    235.39781     47.87312     0      0.15173      0.20056      0.10291        11.58         2.60 1A 1.00     4  2016
   235.402     47.8637    235.40202     47.87807     0      0.13315      0.15677      0.10952        13.89         1.80 2A 0.98     4  2016
   235.406     47.8628    235.41300     47.87768     0      0.11573      0.14348      0.08799        15.00         4.22 6A 1.00     4  2016
   235.410     47.8613    235.42179     47.87375     0      0.10441      0.22521      0.00000        25.72         2.61 1A 1.00     4  2016
   235.414     47.8590    235.42518     47.86827     0      0.12256      0.12814      0.11697        23.48         6.25 2A 1.00     4  2016
   235.418     47.8564    235.43326     47.86788     0      0.09742      0.25716      0.00000        16.76         2.56  5 0.96     4  2016
   235.422     47.8535    235.44081     47.86456     0      0.13250      0.20646      0.05854        21.92         3.39 6A 1.00     4  2016
   235.432     47.8441    235.44899     47.84999     0      0.14003      0.21888      0.06117        15.98         2.42 6A 0.69     4  2016
   235.434     47.8404    235.45257     47.84568     0      0.04560      0.06674      0.02447        25.60         4.17  5 1.00     4  2016
   235.437     47.8370    235.45597     47.84450     0      0.03873      0.05934      0.01811         3.16         2.65  5 1.00     4  2016
   235.440     47.8333    235.45987     47.84206     0      0.05115      0.06628      0.03602         5.84         3.03  5 1.00     4  2016
   235.443     47.8296    235.46069     47.83951     0      0.06699      0.08062      0.05337         4.53         3.37  5 1.00     4  2016
   235.449     47.8231    235.46319     47.83423     0      0.03194      0.09654      0.00000         3.77         2.24 6A 1.00     4  2016
   235.462     47.8193    235.47489     47.83265     0      0.07283      0.11157      0.03410        13.40         4.28 6A 1.00     4  2016
   235.466     47.8165    235.47831     47.83123     0      0.10255      0.17975      0.02535        30.76         4.93 6A 1.00     4  2016
   235.469     47.8130    235.47965     47.82875     2      2.92762          NaN          NaN        12.68        -0.00 2A 0.66     4  2016
   235.473     47.8104    235.48620     47.82233     0      0.08681      0.14314      0.03048        16.37         5.43 2A 1.00     4  2016
   235.476     47.8075    235.49922     47.82377     0      0.07809      0.15462      0.00155        17.25         2.87 6A 0.99     4  2016
   235.478     47.8034    235.50933     47.81867     0      0.07214      0.11225      0.03202        13.40         3.38 6A 1.00     4  2016
   235.480     47.7993    235.51336     47.81218     0      0.08943      0.14099      0.03788         7.57         3.27 6A 1.00     4  2016
   235.481     47.7903    235.51827     47.79730     0      0.11711      0.20445      0.02977        18.69         3.95 6A 1.00     4  2016
   235.481     47.7857    235.51833     47.78961     0      0.10377      0.18842      0.01911        18.43         1.96 6D 0.92     4  2016
   235.482     47.7811    235.52111     47.78276     0      0.09894      0.15557      0.04232        26.17         3.62 6A 1.00     4  2016
   235.483     47.7771    235.52465     47.77703     0      0.13237      0.19456      0.07017        15.23         2.98 2A 1.00     4  2016
   235.486     47.7736    235.52613     47.77498     0      0.14072      0.19960      0.08184        28.83         3.28 6A 1.00     4  2016
   235.489     47.7698    235.52839     47.77291     0      0.12902      0.21102      0.04702        15.21         3.61 6A 1.00     4  2016
   235.491     47.7656    235.52746     47.77045     0      0.13584      0.18268      0.08900        13.59         3.21 2A 1.00     4  2016
   235.494     47.7521    235.51979     47.76823     0      0.10976      0.13720      0.08232        33.15         4.32 2A 1.00     4  2016
   235.493     47.7476    235.52088     47.76727     2      1.11125          NaN          NaN        18.76         0.00 2A 0.62     4  2016
   235.493     47.7431    235.52464     47.76657     0      0.14144      0.18480      0.09807        18.53         4.29 1A 0.99     4  2016
   235.494     47.7387    235.52729     47.76680     0      0.13868      0.18493      0.09243        22.27         0.81 1A 1.00     4  2016
   235.493     47.7344    235.53036     47.76847     0      0.14031      0.18195      0.09868        18.31         3.62 2A 1.00     4  2016
   235.492     47.7300    235.53358     47.76755     2      3.92275          NaN          NaN        44.72         0.00 1A 0.62     4  2016
   235.496     47.7271    235.54452     47.76673     0      0.11319      0.16896      0.05743         8.00         3.38 6A 1.00     4  2016
   235.499     47.7238    235.55213     47.75627     0      0.09554      0.19249      0.00000        18.01         4.17 6A 1.00     4  2016
   235.500     47.7194    235.57008     47.74535     0      0.06922      0.10559      0.03286        18.70         5.00  5 1.00     4  2016
   235.501     47.7148    235.57546     47.73713     0      0.10838      0.17338      0.04338         5.47         2.27  5 0.72     4  2016
   235.502     47.7105    235.57843     47.72928     0      0.12465      0.22805      0.02125         4.29         2.16  5 1.00     4  2016
   235.504     47.7063    235.58034     47.72220     0      0.12961      0.16733      0.09189        28.92         4.38  5 0.98     4  2016
   235.507     47.7024    235.58143     47.71597     0      0.09746      0.10790      0.08702        22.20         3.80 6A 1.00     4  2016
   235.509     47.6984    235.58421     47.70940     0      0.09800      0.16583      0.03018         4.17         2.36 6A 1.00     4  2016
   235.510     47.6941    235.58385     47.70677     0      0.03672      0.07115      0.00229         4.51         2.52  5 1.00     4  2016
   235.513     47.6904    235.58496     47.70418     0      0.03087      0.05848      0.00326        25.00         3.53 1A 1.00     4  2016
   235.512     47.6876    235.58599     47.70158     0      0.06456      0.11147      0.01766         4.88         1.62  5 1.00     4  2016
   235.507     47.6861    235.58646     47.69891     0      0.05150      0.08905      0.01394         5.02         1.93  5 1.00     4  2016
   235.503     47.6848    235.58682     47.69621     0      0.06382      0.11005      0.01759        29.46         6.24  5 1.00     4  2016
   235.503     47.6806    235.58767     47.69357     0      0.08586      0.14624      0.02548         8.71         3.45  5 1.00     4  2016
   235.507     47.6677    235.59129     47.68605     0      0.09211      0.19130      0.00000        16.97         4.37 6A 1.00     4  2016
   235.510     47.6647    235.59221     47.68436     0      0.11490      0.21799      0.01182         8.26         5.21 6A 1.00     4  2016
   235.515     47.6632    235.59360     47.68183     0      0.09744      0.14311      0.05177         7.37         4.40 6A 1.00     4  2016
   235.519     47.6618    235.59447     47.68013     0      0.09490      0.16426      0.02555        15.48         3.83 6A 1.00     4  2016
   235.523     47.6623    235.59560     47.67852     0      0.07648      0.16348      0.00000        25.53         3.80 6A 1.00     4  2016
   235.528     47.6593    235.59808     47.67534     0      0.09938      0.15735      0.04140        29.40         5.98  5 1.00     4  2016
   235.530     47.6554    235.59915     47.67371     0      0.07214      0.09646      0.04783        23.08         5.50  5 1.00     4  2016
   235.531     47.6511    235.60298     47.66703     0      0.09133      0.13203      0.05064        21.79         5.74  5 1.00     4  2016
   235.532     47.6467    235.60468     47.66362     0      0.10766      0.16015      0.05517        25.21         5.00  5 1.00     4  2016
   235.534     47.6424    235.60768     47.65673     0      0.06077      0.09498      0.02657         6.30         4.37  5 1.00     4  2016
   235.535     47.6380    235.60967     47.65213     0      0.10940      0.16475      0.05405        21.25         4.24  4 1.00     4  2016
   235.536     47.6334    235.61149     47.64790     0      0.08110      0.10654      0.05565        23.74         5.09  4 1.00     4  2016
   235.536     47.6288    235.61324     47.64173     0      0.11341      0.16194      0.06487        29.01         5.12 1A 1.00     4  2016
   235.537     47.6244    235.61538     47.63693     0      0.08905      0.20872      0.00000        25.38         2.19  4 0.97     4  2016
   235.539     47.6199    235.61734     47.63287     0      0.03791      0.05300      0.02281        15.30         3.41  4 1.00     4  2016
   235.540     47.6154    235.61869     47.62754     0      0.03442      0.05311      0.01572        24.40         2.87  4 0.99     4  2016
   235.541     47.6111    235.61991     47.62312     0      0.03804      0.06188      0.01420        16.68         4.24 6A 1.00     4  2016
   235.542     47.6067    235.62084     47.61958     0      0.02738      0.03460      0.02016         5.50         2.91 6A 1.00     4  2016
   235.544     47.6024    235.62226     47.61519     0      0.03717      0.04186      0.03247         7.20         3.21  4 1.00     4  2016
   235.547     47.5987    235.62321     47.61165     0      0.05587      0.08145      0.03028        10.07         3.77  4 1.00     4  2016
   235.548     47.5945    235.62335     47.60799     0      0.03195      0.07733      0.00000         5.57         3.14 3A 1.00     4  2016
   235.549     47.5901    235.62668     47.60120     0      0.03478      0.04859      0.02096        10.52         2.45  5 1.00     4  2016
   235.550     47.5855    235.62860     47.59691     0      0.03141      0.03914      0.02369        13.09         3.03  5 1.00     4  2016
   235.550     47.5809    235.63076     47.59265     0      0.04347      0.05193      0.03502         5.83         2.28  5 1.00     4  2016
   235.550     47.5764    235.63172     47.58911     0      0.03288      0.03971      0.02605         4.81         2.61  5 1.00     4  2016
   235.551     47.5718    235.63352     47.58385     0      0.05487      0.06656      0.04319         5.18         1.75  5 1.00     4  2016
   235.553     47.5674    235.63501     47.57764     0      0.04054      0.05915      0.02193        17.67         2.26  5 1.00     4  2016
   235.554     47.5631    235.63652     47.57234     0      0.07403      0.09998      0.04808         5.69         1.49  5 1.00     4  2016
   235.556     47.5589    235.63755     47.56789     0      0.06401      0.10744      0.02058         3.11         1.34  5 1.00     4  2016
   235.558     47.5549    235.63835     47.56343     0      0.06261      0.08977      0.03544         4.68         2.79  5 1.00     4  2016
   235.560     47.5505    235.63933     47.55898     0      0.09078      0.18589      0.00000         3.99         2.36  5 1.00     4  2016
   235.560     47.5460    235.64009     47.55633     0      0.11079      0.20213      0.01944         3.60         1.33  5 1.00     4  2016
   235.561     47.5415    235.64031     47.55453     0      0.11947      0.22235      0.01658         3.08         1.38  5 1.00     4  2016
   235.563     47.5371    235.64111     47.55007     0      0.09756      0.23460      0.00000         5.12         2.00  5 1.00     4  2016
   235.564     47.5327    235.64221     47.54563     0      0.10406      0.22078      0.00000         3.61         0.98  5 1.00     4  2016
   235.566     47.5284    235.64326     47.54123     0      0.09124      0.17847      0.00402         3.16         1.27  5 1.00     4  2016
   235.567     47.5241    235.64724     47.52825     0      0.07232      0.15012      0.00000        21.38         3.95  5 1.00     4  2016
   235.568     47.5195    235.64811     47.52381     0      0.06025      0.08025      0.04025        14.81         3.64 6A 1.00     4  2016
   235.570     47.5154    235.64893     47.52025     0      0.07573      0.09221      0.05925        15.63         3.79  5 1.00     4  2016
   235.571     47.5111    235.64979     47.51582     0      0.05575      0.07120      0.04030        14.69         3.70  5 1.00     4  2016
   235.572     47.5065    235.65026     47.51404     0      0.05991      0.08305      0.03676        15.64         3.42  5 1.00     4  2016
   235.573     47.5021    235.65115     47.50967     0      0.06557      0.09049      0.04066        18.34         4.06  5 1.00     4  2016
   235.575     47.4982    235.65198     47.50612     0      0.06933      0.08009      0.05857        14.01         3.82  5 1.00     4  2016
   235.577     47.4941    235.65283     47.50167     0      0.06835      0.07976      0.05694        20.52         4.49  5 1.00     4  2016
   235.579     47.4901    235.65383     47.49722     0      0.05836      0.07753      0.03919        26.44         3.74  5 1.00     4  2016
   235.581     47.4858    235.65483     47.49188     0      0.04796      0.10080      0.00000         4.17         3.03 6A 1.00     4  2016
   235.582     47.4814    235.65587     47.48652     0      0.05153      0.06340      0.03966         8.86         3.83 6A 1.00     4  2016
   235.584     47.4769    235.65679     47.48029     0      0.07327      0.12742      0.01911         9.30         4.09  4 1.00     4  2016
   235.585     47.4727    235.65709     47.47850     0      0.08407      0.13815      0.02998        16.12         3.48  4 1.00     4  2016
   235.587     47.4684    235.65735     47.47494     0      0.06870      0.08301      0.05438        26.20         3.66  4 1.00     4  2016
   235.589     47.4642    235.65779     47.47046     0      0.05671      0.08045      0.03297         7.82         3.53  4 1.00     4  2016
   235.589     47.4604    235.65781     47.46510     0      0.09237      0.16540      0.01934        11.96         4.00  5 1.00     4  2016
   235.585     47.4570    235.65958     47.45911     0      0.07341      0.15063      0.00000         4.18         2.07 6A 1.00     4  2016
   235.583     47.4533    235.66034     47.45554     0      0.07430      0.13072      0.01789        11.02         2.13 6A 1.00     4  2016
   235.581     47.4493    235.66070     47.45195     0      0.12468      0.15669      0.09266        15.84         3.54 6A 1.00     4  2016
   235.578     47.4454    235.66070     47.44934     0      0.13647      0.20954      0.06341        28.98         3.99 6A 1.00     4  2016
   235.575     47.4421    235.66086     47.44665     0      0.14215      0.21803      0.06626        21.97         3.33 6A 1.00     4  2016
   235.572     47.4386    235.66028     47.44370     0      0.10982      0.16536      0.05428        23.65         3.90 6A 1.00     4  2016
   235.574     47.4343    235.66073     47.43757     0      0.11523      0.15888      0.07158        26.87         4.17  5 1.00     4  2016
   235.575     47.4299    235.66209     47.43371     0      0.10439      0.18772      0.02107        26.52         6.17 6A 1.00     4  2016
   235.575     47.4253    235.66333     47.42839     0      0.10123      0.18874      0.01372        26.97         3.53 6A 1.00     4  2016
   235.576     47.4209    235.66311     47.42397     0      0.10754      0.20663      0.00844        10.71         5.61 6D 1.00     4  2016
   235.578     47.4167    235.66335     47.42142     0      0.10873      0.15495      0.06251        26.48         2.93 6A 1.00     4  2016
   235.581     47.4128    235.66381     47.41965     0      0.08269      0.12143      0.04396        22.94         3.01 6A 1.00     4  2016
   235.585     47.4104    235.66397     47.41786     0      0.08532      0.19889      0.00000        17.16         2.31 6A 1.00     4  2016
   235.589     47.4080    235.66352     47.41520     0      0.10782      0.16319      0.05245        13.45         2.90 2A 1.00     4  2016
   235.593     47.4069    235.66337     47.41431     0      0.12488      0.21540      0.03435        25.07         3.53 2A 1.00     4  2016
   235.598     47.4062    235.66285     47.41185     0      0.12968      0.18841      0.07094        30.20         4.11 2A 1.00     4  2016
   235.602     47.4058    235.66381     47.41021     2      1.10285          NaN          NaN        27.82         0.00 2A 0.64     4  2016
   235.607     47.4052    235.66375     47.40853     2      1.63607          NaN          NaN        19.05         0.00 2A 0.64     4  2016
   235.611     47.4033    235.66371     47.40568     2      1.19971          NaN          NaN        29.24        -0.00 2A 0.64     4  2016
   235.615     47.4004    235.66520     47.40434     0      0.09285      0.10979      0.07590        31.01         4.44 1A 1.00     4  2016
   235.616     47.3961    235.66796     47.40218     0      0.09188      0.17503      0.00874        17.55         1.67 1A 0.95     4  2016
   235.618     47.3920    235.66993     47.40055     0      0.10639      0.23930      0.00000         4.42         2.16  4 0.97     4  2016
   235.616     47.3879    235.67137     47.39711     0      0.06821      0.14780      0.00000         7.26         5.72 10D 1.00     4  2016
   235.613     47.3847    235.67189     47.39534     0      0.10140      0.25498      0.00000         7.18         5.93 10D 1.00     4  2016
   235.609     47.3822    235.67223     47.39356     0      0.09734      0.13669      0.05798        13.34         3.78 1A 1.00     4  2016
   235.605     47.3796    235.67297     47.39185     0      0.10468      0.14954      0.05981        21.28         4.36 1A 1.00     4  2016
   235.605     47.3753    235.67561     47.38211     0      0.10413      0.15891      0.04936        29.52         3.67  4 1.00     4  2016
   235.608     47.3724    235.67596     47.37852     0      0.08731      0.19428      0.00000        10.53         3.86  4 1.00     4  2016
   235.612     47.3700    235.67642     47.37583     0      0.12161      0.16408      0.07914        26.75         3.37  4 1.00     4  2016
   235.616     47.3674    235.67658     47.37314     0      0.12084      0.20198      0.03970        29.96         2.61  4 1.00     4  2016
   235.620     47.3647    235.67665     47.37046     0      0.12502      0.17141      0.07864        20.20         2.84  4 1.00     4  2016
   235.624     47.3624    235.67705     47.36872     0      0.14706      0.22580      0.06832        10.93         2.28 6A 1.00     4  2016
   235.627     47.3592    235.67769     47.36699     0      0.13539      0.16547      0.10531        13.68         3.70 6A 1.00     4  2016
   235.630     47.3559    235.67866     47.36531     0      0.14887      0.22842      0.06932        29.51         2.60 6A 1.00     4  2016
   235.634     47.3528    235.67902     47.36352     0      0.13186      0.21372      0.05000        13.93         1.83 6A 0.98     4  2016
   235.636     47.3491    235.67984     47.36183     0      0.10495      0.16023      0.04968        22.78         3.78 6A 1.00     4  2016
   235.638     47.3451    235.68008     47.35945     2      1.15903          NaN          NaN        12.61        -0.00 2A 0.65     4  2016
   235.642     47.3419    235.68159     47.35705     0      0.11692      0.20500      0.02885        30.91         2.25 1A 1.00     4  2016
   235.645     47.3385    235.68324     47.35517     0      0.15175      0.22024      0.08327        37.37         5.76 1A 0.82     4  2016
   235.647     47.3347    235.68645     47.35389     0      0.13384      0.22756      0.04012         9.30         3.64 1A 1.00     4  2016
   235.650     47.3310    235.69009     47.35303     0      0.13086      0.21705      0.04467        17.44         2.24 1A 1.00     4  2016
   235.650     47.3265    235.70320     47.34499     0      0.08755      0.12104      0.05406         3.94         2.21 6A 1.00     4  2016
   235.649     47.3221    235.70725     47.33931     0      0.10232      0.21889      0.00000         4.36         0.98 6A 1.00     4  2016
   235.648     47.3175    235.71033     47.33337     0      0.11671      0.14393      0.08949        29.13         4.47 6A 1.00     4  2016
   235.649     47.3130    235.71299     47.32735     0      0.09006      0.10976      0.07035        13.66         5.55 6A 1.00     4  2016
   235.652     47.3101    235.71546     47.32222     0      0.09101      0.12112      0.06090         6.86         5.26  4 1.00     4  2016
   235.656     47.3074    235.71711     47.31787     0      0.12784      0.17630      0.07939        21.32         5.60 1A 1.00     4  2016
   235.660     47.3050    235.71818     47.31527     0      0.10922      0.15753      0.06092        26.93         3.95 1A 1.00     4  2016
   235.663     47.3024    235.71935     47.31269     0      0.14641      0.25701      0.03580        29.60         4.29 1A 1.00     4  2016
   235.667     47.2998    235.72014     47.31097     0      0.12476      0.23861      0.01090        24.54         3.56 1A 1.00     4  2016
   235.671     47.2968    235.72113     47.30930     0      0.08003      0.11634      0.04371        15.37         3.60  4 1.00     4  2016
   235.673     47.2931    235.72179     47.30758     0      0.09479      0.17469      0.01488         7.35         5.21  4 1.00     4  2016
   235.675     47.2890    235.72130     47.30596     2      4.19966          NaN          NaN        24.73        -0.00 1A 0.62     4  2016
   235.678     47.2849    235.72054     47.30468     2      1.42351          NaN          NaN        12.71         0.00 2A 0.62     4  2016
   235.681     47.2814    235.72204     47.30336     2      2.96524          NaN          NaN        19.62        -0.00 2A 0.64     4  2016
   235.683     47.2775    235.72313     47.30344     0      0.10746      0.15909      0.05584        25.48         4.75  4 1.00     4  2016
   235.684     47.2730    235.72387     47.30280     2      2.24769          NaN          NaN        15.99         0.00 2A 0.64     4  2016
   235.688     47.2649    235.74456     47.30196     0      0.02373      0.02648      0.02099        16.52         4.70 3A 1.00     4  2016
   235.690     47.2607    235.75535     47.29404     0      0.01563      0.02329      0.00796         3.69         2.66 3A 1.00     4  2016
   235.691     47.2561    235.76060     47.28679     0      0.01374      0.02100      0.00647         4.73         4.16 3A 1.00     4  2016
   235.692     47.2518    235.76474     47.27733     0      0.01299      0.01703      0.00896         4.18         3.58 3A 1.00     4  2016
   235.695     47.2485    235.76743     47.27130     0      0.01598      0.01865      0.01331         4.03         3.05 3A 1.00     4  2016
   235.699     47.2461    235.77036     47.26439     0      0.01412      0.02021      0.00803         4.30         2.58 3A 1.00     4  2016
   235.702     47.2427    235.77328     47.25841     0      0.00834      0.01927      0.00000         4.15         1.88 3A 1.00     4  2016
   235.705     47.2394    235.77418     47.25486     0      0.01223      0.03018      0.00000         3.62         2.80 3A 1.00     4  2016
   235.709     47.2367    235.77557     47.25139     0      0.01655      0.01935      0.01375         4.25         2.76 3A 1.00     4  2016
   235.712     47.2332    235.77934     47.24298     0      0.01629      0.01805      0.01454         3.52         2.98 3A 1.00     4  2016
   235.714     47.2292    235.78054     47.23851     0      0.01683      0.02082      0.01283         5.35         3.41 3A 1.00     4  2016
   235.717     47.2252    235.78176     47.23501     0      0.01564      0.02400      0.00728         4.22         3.11 3A 1.00     4  2016
   235.719     47.2210    235.78372     47.23070     0      0.01478      0.02116      0.00840         4.37         3.80 3A 1.00     4  2016
   235.720     47.2167    235.78474     47.22811     0      0.01448      0.01655      0.01241         4.39         3.71 3A 1.00     4  2016
   235.721     47.2122    235.78660     47.22379     0      0.01490      0.01818      0.01162        10.54         4.10 3A 1.00     4  2016
   235.723     47.2078    235.78797     47.22032     0      0.01543      0.01890      0.01195         3.74         3.51 3A 1.00     4  2016
   235.724     47.2034    235.78973     47.21603     0      0.01586      0.01998      0.01174         9.09         4.70 10A 1.00     4  2016
   235.725     47.1990    235.79169     47.21079     0      0.01503      0.02324      0.00682         3.37         2.83 3A 1.00     4  2016
   235.727     47.1946    235.79395     47.20559     0      0.01415      0.02266      0.00564         5.80         3.01 3A 1.00     4  2016
   235.728     47.1901    235.79532     47.19872     0      0.01793      0.02320      0.01266        23.55         4.99 3A 1.00     4  2016
   235.729     47.1858    235.79669     47.19340     0      0.01597      0.01838      0.01355         3.77         2.71 3A 1.00     4  2016
   235.731     47.1815    235.79795     47.18904     0      0.00576      0.00643      0.00509         6.10         2.19 3A 0.99     4  2016
   235.733     47.1773    235.79898     47.18548     0      0.01471      0.01599      0.01342         3.76         2.94 3A 1.00     4  2016
   235.735     47.1731    235.80008     47.18196     0      0.00955      0.01472      0.00439         4.74         3.16 3A 1.00     4  2016
   235.737     47.1689    235.80127     47.17754     0      0.01766      0.02451      0.01082        16.29         4.66 3A 1.00     4  2016
   235.738     47.1645    235.80300     47.17227     0      0.01808      0.02503      0.01112         3.23         2.85 3A 1.00     4  2016
   235.739     47.1599    235.80384     47.16781     0      0.02021      0.03049      0.00992         4.28         2.73 3A 1.00     4  2016
   235.740     47.1555    235.80507     47.16339     0      0.01980      0.02623      0.01336        30.15         4.57 3A 1.00     4  2016
   235.741     47.1511    235.80604     47.15910     0      0.00335      0.01380      0.00000         1.95         1.78 3A 1.00     4  2016
   235.743     47.1468    235.80675     47.15548     0      0.01936      0.02468      0.01404         8.50         4.53 3A 1.00     4  2016
   235.744     47.1424    235.80810     47.15107     0      0.02656      0.03315      0.01998        24.05         4.77 3A 1.00     4  2016
   235.746     47.1380    235.80973     47.14579     0      0.02329      0.03815      0.00842        20.87         4.56 3A 1.00     4  2016
   235.747     47.1336    235.81158     47.14150     0      0.01390      0.01788      0.00993         4.34         2.34 3A 0.99     4  2016
   235.749     47.1292    235.81203     47.13590     0      0.01237      0.02730      0.00000         3.95         3.53 3A 1.00     4  2016
   235.749     47.1248    235.81242     47.13024     0      0.01906      0.02510      0.01303         4.57         4.02 3A 1.00     4  2016
   235.748     47.1203    235.81333     47.12487     0      0.01974      0.02385      0.01563         4.90         2.44 3A 1.00     4  2016
   235.750     47.1161    235.81485     47.11787     0      0.01488      0.02263      0.00712         4.41         3.11 3A 1.00     4  2016
   235.751     47.1117    235.81486     47.11516     0      0.01817      0.02310      0.01324         3.13         2.54 3A 1.00     4  2016
   235.751     47.1071    235.81569     47.10979     0      0.01946      0.02513      0.01379         3.87         2.64 3A 1.00     4  2016
   235.751     47.1025    235.81648     47.10533     0      0.01957      0.02540      0.01374         4.79         3.42 3A 1.00     4  2016
   235.752     47.0979    235.81688     47.10266     0      0.01637      0.02024      0.01250         2.82         2.65 3A 1.00     4  2016
   235.753     47.0934    235.81775     47.09821     0      0.02083      0.02470      0.01696         4.64         3.43 3A 1.00     4  2016
   235.753     47.0888    235.81821     47.09372     0      0.01863      0.02235      0.01491         4.99         3.97 3A 1.00     4  2016
   235.753     47.0842    235.81916     47.08836     0      0.01924      0.02349      0.01500         5.10         3.57 3A 1.00     4  2016
   235.754     47.0796    235.81975     47.08389     0      0.01709      0.02382      0.01036         4.16         3.44 3A 1.00     4  2016
   235.754     47.0750    235.82038     47.07943     0      0.01658      0.01878      0.01439         4.08         3.15 3A 1.00     4  2016
   235.755     47.0705    235.82094     47.07407     0      0.01698      0.01995      0.01402         4.81         3.83 3A 1.00     4  2016
   235.755     47.0659    235.82144     47.06960     0      0.01524      0.01659      0.01389         5.32         3.89 3A 1.00     4  2016
   235.755     47.0613    235.82206     47.06423     0      0.01753      0.02089      0.01416         4.97         4.12 3A 1.00     4  2016
   235.756     47.0567    235.82250     47.05975     0      0.01657      0.01840      0.01473         3.97         3.34 3A 1.00     4  2016
   235.757     47.0522    235.82288     47.05437     0      0.01707      0.01935      0.01479         4.34         3.07 3A 1.00     4  2016
   235.757     47.0477    235.82311     47.04989     0      0.01626      0.02140      0.01112         4.16         3.81 3A 1.00     4  2016
   235.757     47.0431    235.82345     47.04540     0      0.01625      0.01909      0.01340         5.26         3.79 3A 1.00     4  2016
   235.757     47.0386    235.82376     47.04002     0      0.01679      0.01846      0.01513         4.50         3.66 3A 1.00     4  2016
   235.757     47.0340    235.82406     47.03552     0      0.01405      0.01622      0.01187         6.07         3.52 3A 1.00     4  2016
   235.758     47.0294    235.82435     47.03104     0      0.01559      0.01730      0.01387         4.81         4.11 3A 1.00     4  2016
   235.759     47.0249    235.82441     47.02655     0      0.01678      0.02050      0.01305         4.31         3.73 3A 1.00     4  2016
   235.760     47.0205    235.82467     47.02117     0      0.01666      0.01897      0.01435         4.29         2.86 3A 1.00     4  2016
   235.762     47.0162    235.82465     47.01668     0      0.01503      0.01627      0.01378         7.11         4.05 3A 1.00     4  2016
   235.763     47.0118    235.82490     47.01309     0      0.01657      0.01860      0.01454         4.45         3.88 3A 1.00     4  2016
   235.765     47.0075    235.82512     47.00766     0      0.01381      0.02134      0.00627         4.51         3.94 3A 1.00     4  2016
   235.766     47.0032    235.82457     47.00321     0      0.01375      0.01719      0.01030         3.89         2.39 3A 1.00     4  2016
   235.766     46.9986    235.82515     46.99872     0      0.02279      0.03103      0.01455         4.34         2.72 3A 1.00     4  2016
   235.767     46.9940    235.82492     46.99423     0      0.01541      0.02002      0.01080         3.86         2.71 3A 1.00     4  2016
   235.768     46.9897    235.82486     46.98973     0      0.02023      0.02868      0.01179         4.34         3.34 3A 1.00     4  2016
   235.767     46.9851    235.82495     46.98430     0      0.01827      0.02840      0.00815         3.73         2.88 3A 1.00     4  2016
   235.767     46.9805    235.82488     46.97986     0      0.02444      0.03004      0.01884         4.20         3.38 3A 1.00     4  2016
   235.767     46.9760    235.82491     46.97537     0      0.02406      0.03446      0.01367         5.07         2.99 3A 1.00     4  2016
   235.767     46.9714    235.82448     46.97089     0      0.02172      0.02900      0.01445         4.07         3.47 3A 1.00     4  2016
   235.767     46.9669    235.82443     46.96640     0      0.02939      0.04090      0.01787         3.50         1.30 3A 1.00     4  2016
   235.767     46.9623    235.82420     46.96196     0      0.02800      0.03839      0.01761         5.33         2.64 3A 1.00     4  2016
   235.767     46.9576    235.82418     46.95747     0      0.04090      0.07946      0.00233         4.82         2.88 3A 1.00     4  2016
   235.766     46.9530    235.82386     46.95303     0      0.03393      0.05595      0.01190         5.29         3.01 3A 1.00     4  2016
   235.766     46.9485    235.82434     46.94944     0      0.07764      0.21995      0.00000         5.33         2.37 3A 1.00     4  2016
   235.765     46.9439    235.82444     46.94497     0      0.09749      0.28446      0.00000         4.30         3.91 3A 1.00     4  2016
   235.764     46.9396    235.82448     46.94410     0      0.10203      0.26911      0.00000         6.78         3.92 3A 0.99     4  2016
   235.762     46.9353    235.82449     46.93968     0      0.03999      0.04787      0.03211         8.04         3.85 1B 1.00     4  2016
   235.761     46.9308    235.82519     46.93526     0      0.06896      0.08549      0.05242         6.21         4.03 1B 1.00     4  2016
   235.760     46.9263    235.82565     46.93076     0      0.07383      0.09190      0.05576         6.06         2.49 1B 0.83     4  2016
   235.781     46.8868    235.86697     46.90273     0      0.03267      0.04402      0.02133         9.64         3.50 3A 1.00     4  2016
   235.784     46.8835    235.86816     46.89923     0      0.03235      0.04261      0.02210         3.42         2.75 3A 0.98     4  2016
   235.788     46.8804    235.86932     46.89573     0      0.03218      0.04154      0.02282         6.49         3.34 3A 1.00     4  2016
   235.791     46.8773    235.87098     46.89229     0      0.04598      0.07962      0.01233         7.29         3.45 3A 0.99     4  2016
   235.794     46.8741    235.87252     46.88793     0      0.04165      0.09346      0.00000         4.05         3.66 3A 1.00     4  2016
   235.797     46.8705    235.87403     46.88448     0      0.05696      0.11143      0.00248         4.67         2.24 3A 1.00     4  2016
   235.801     46.8674    235.87509     46.88095     0      0.04909      0.07335      0.02484         4.63         3.25 3A 0.99     4  2016
   235.804     46.8644    235.87635     46.87746     0      0.04141      0.05430      0.02852         5.03         3.42 3A 1.00     4  2016
   235.807     46.8608    235.87804     46.87311     0      0.05222      0.09613      0.00832         5.34         3.53 3A 1.00     4  2016
   235.810     46.8571    235.87976     46.86877     0      0.05583      0.07866      0.03300         4.08         3.34 3A 1.00     4  2016
   235.813     46.8536    235.88129     46.86533     0      0.07675      0.14637      0.00712         3.27         2.81 3A 0.99     4  2016
   235.816     46.8501    235.88233     46.86180     0      0.04979      0.07333      0.02624         5.67         3.31 3A 1.00     4  2016
   235.818     46.8463    235.88419     46.85749     0      0.05302      0.10621      0.00000         4.81         1.27 3A 1.00     4  2016
   235.821     46.8424    235.88556     46.85309     0      0.04405      0.08011      0.00799         6.36         3.90 3A 1.00     4  2016
   235.823     46.8383    235.88741     46.84785     0      0.03775      0.04991      0.02559         7.57         3.18 3A 1.00     4  2016
   235.825     46.8342    235.88908     46.84263     0      0.03241      0.04653      0.01830         6.64         3.37 3A 1.00     4  2016
   235.827     46.8302    235.89040     46.83823     0      0.03325      0.04061      0.02589         7.88         3.63 3A 1.00     4  2016
   235.829     46.8260    235.89165     46.83292     0      0.02534      0.03156      0.01911         5.75         3.42 3A 1.00     4  2016
   235.831     46.8217    235.89277     46.82759     0      0.02294      0.02821      0.01766         6.55         3.63 3A 1.00     4  2016
   235.832     46.8172    235.89382     46.82225     0      0.01543      0.02613      0.00474         4.67         3.03 3A 1.00     4  2016
   235.834     46.8128    235.89502     46.81695     0      0.01793      0.02109      0.01477         4.88         3.96 3A 1.00     4  2016
   235.835     46.8084    235.89531     46.81157     0      0.01200      0.01335      0.01064         5.62         3.70 3A 1.00     4  2016
   235.836     46.8040    235.89573     46.80975     0      0.01294      0.01583      0.01005         6.30         3.84 3A 1.00     4  2016
   235.838     46.7996    235.89606     46.80528     0      0.01058      0.01426      0.00689         4.02         3.47 3A 1.00     4  2016
   235.839     46.7951    235.89626     46.80087     0      0.01024      0.02505      0.00000         3.96         3.67 3A 1.00     4  2016
   235.840     46.7907    235.89630     46.79639     0      0.00928      0.02713      0.00000         5.39         3.69 3A 1.00     4  2016
   235.841     46.7863    235.89655     46.79458     0      0.00798      0.02002      0.00000         3.78         3.31 3A 1.00     4  2016
