%USGS SPCMSC mean beach slope derived from lidar surveys from 1996 to 2014, dunes from 2014 in LMSL, Version 1.1 Compiled 3/31/17 
%iso_lon %iso_lat %sl_lon %sl_lat %slope %95_up %95_low  dhigh   dlow month year
284.384 36.2946 284.230 36.2251 0.1077 0.1311 0.0843 6.4322 3.6235  1 2014
284.386 36.3032 284.226 36.2336 0.0948 0.1174 0.0722 6.7676 3.9539  1 2014
284.387 36.3119 284.223 36.2421 0.0834 0.1027 0.0642 6.8558 4.0060  1 2014
284.388 36.3206 284.219 36.2505 0.0778 0.0964 0.0592 6.9106 3.6818  1 2014
284.389 36.3294 284.214 36.2634 0.0726 0.1037 0.0415 6.6979 3.3441  1 2014
284.389 36.3381 284.211 36.2719 0.0687 0.0845 0.0529 6.5240 3.4548  1 2014
284.388 36.3468 284.207 36.2805 0.0651 0.0848 0.0454 6.4446 3.1337  1 2014
284.387 36.3555 284.206 36.2848 0.0670 0.0964 0.0377 6.7128 3.0596  1 2014
284.386 36.3641 284.201 36.2977 0.0623 0.0870 0.0376 6.4265 3.1161  1 2014
284.385 36.3727 284.198 36.3063 0.0644 0.0862 0.0425 6.7717 3.2684  1 2014
284.382 36.3813 284.197 36.3106 0.0678 0.0896 0.0460 7.2035 3.3916  1 2014
284.380 36.3898 284.190 36.3278 0.0646 0.0820 0.0472 6.3335 3.1594  1 2014
284.378 36.3982 284.189 36.3322 0.0637 0.0826 0.0448 6.4105 3.2236  1 2014
284.373 36.4092 284.182 36.3539 0.0660 0.0834 0.0485 6.3515 3.4480  1 2014
284.370 36.4142 284.180 36.3626 0.0644 0.0834 0.0453 5.8780 3.2761  1 2014
284.364 36.4217 284.178 36.3714 0.0650 0.0813 0.0487 5.9417 3.1672  1 2014
284.352 36.4333 284.174 36.3846 0.0644 0.0917 0.0372 5.5893 2.9794  1 2014
284.345 36.4388 284.171 36.3978 0.0513 0.0700 0.0326 6.6232 3.2117  1 2014
284.338 36.4442 284.170 36.4022 0.0508 0.0637 0.0379 6.9412 3.2036  1 2014
284.324 36.4550 284.168 36.4110 0.0439 0.0718 0.0161 6.4244 3.1380  1 2014
284.310 36.4655 284.165 36.4198 0.0477 0.0705 0.0249 5.7974 3.0357  1 2014
284.304 36.4705 284.161 36.4329 0.0457 0.0643 0.0272 5.7313 2.9750  1 2014
284.298 36.4755 284.160 36.4373 0.0465 0.0678 0.0252 5.3244 2.9031  1 2014
284.286 36.4852 284.158 36.4461 0.0398 0.0543 0.0253 5.3238 2.9069  1 2014
284.281 36.4898 284.155 36.4548 0.0366 0.0557 0.0176 6.2048 3.0378  1 2014
284.272 36.4989 284.154 36.4591 0.0382 0.0543 0.0222 6.4378 3.1159  1 2014
284.268 36.5033 284.151 36.4678 0.0369 0.0544 0.0193 6.0492 3.0809  1 2014
284.265 36.5077 284.149 36.4765 0.0354 0.0490 0.0218 6.0422 2.9821  1 2014
284.262 36.5120 284.148 36.4809 0.0370 0.0519 0.0221 6.0296 2.9386  1 2014
284.259 36.5164 284.146 36.4853 0.0396 0.0557 0.0235 5.8509 2.8938  1 2014
284.257 36.5207 284.143 36.4985 0.0387 0.0547 0.0226 5.6191 2.9322  1 2014
284.255 36.5252 284.142 36.5029 0.0442 0.0596 0.0287 6.6996 3.1712  1 2014
284.253 36.5347 284.141 36.5074 0.0499 0.0698 0.0301 7.5421 3.4166  1 2014
284.252 36.5398 284.139 36.5162 0.0545 0.0814 0.0275 8.0900 3.5075  1 2014
284.251 36.5453 284.138 36.5206 0.0564 0.0833 0.0294 8.2537 3.4568  1 2014
284.250 36.5512 284.137 36.5295 0.0603 0.0814 0.0393 7.8128 3.3382  1 2014
284.250 36.5574 284.136 36.5339 0.0655 0.0860 0.0450 7.3976 3.2800  1 2014
284.250 36.5640 284.134 36.5428 0.0682 0.0891 0.0473 5.8317 3.0094  1 2014
284.250 36.5708 284.113 36.6216 0.0590 0.0855 0.0325 7.3908 3.6422  1 2014
284.249 36.5779 284.109 36.6300 0.0651 0.1042 0.0259 6.7079 3.7641  1 2014
284.249 36.5852 284.103 36.6426 0.0792 0.1303 0.0281 7.6139 3.8694  1 2014
284.249 36.5925 284.099 36.6509 0.0721 0.1161 0.0281 7.8343 3.8788  1 2014
284.246 36.5960 284.095 36.6592 0.0659 0.0847 0.0471 7.2671 3.7084  1 2014
284.238 36.5791 284.105 36.6384 0.0766 0.1182 0.0349 7.3620 3.9253  1 2014
284.236 36.5750 284.107 36.6342 0.0708 0.1127 0.0289 6.9656 3.9154  1 2014
284.220 36.5958 284.088 36.6710 0.0626 0.0796 0.0456 6.0795 3.3650  1 2014
284.219 36.6030 284.082 36.6827 0.0601 0.0862 0.0340 6.7970 3.6061  1 2014
284.218 36.6106 284.076 36.6950 0.0490 0.0727 0.0253 5.0279 3.1398  1 2014
284.218 36.6183 284.071 36.7068 0.0458 0.0602 0.0315 4.3463 2.8558  1 2014
284.218 36.6260 284.066 36.7186 0.0387 0.0533 0.0241 4.7819 2.8756  1 2014
284.218 36.6337 284.062 36.7311 0.0464 0.0696 0.0231 4.5556 3.0656  1 2014
284.219 36.6411 284.057 36.7430 0.0447 0.0727 0.0166 4.7767 3.0953  1 2014
284.220 36.6480 284.053 36.7555 0.0435 0.0565 0.0304 5.4000 3.1681  1 2014
284.221 36.6544 284.048 36.7679 0.0555 0.0730 0.0380 6.1945 3.5586  1 2014
284.223 36.6599 284.043 36.7808 0.0637 0.0878 0.0396 6.8874 3.7631  1 2014
284.225 36.6644 284.041 36.7893 0.0599 0.0806 0.0391 6.6419 3.5837  1 2014
284.226 36.6678 284.038 36.7976 0.0533 0.0676 0.0389 6.3412 3.2402  1 2014
284.228 36.6698 284.036 36.8062 0.0568 0.0734 0.0402 6.7668 3.3799  1 2014
284.231 36.6705 284.035 36.8106 0.0581 0.0783 0.0380 6.7457 3.5414  1 2014
284.234 36.6677 284.034 36.8149 0.0613 0.0877 0.0349 6.3636 3.5692  1 2014
284.279 36.8763 284.035 37.0848 0.0156 0.0176 0.0136 1.5457 1.2769  1 2014
284.288 36.8818 284.050 37.0853 0.0197 0.0337 0.0058 2.4782 1.5997  1 2014
284.294 36.8850 284.054 37.0874 0.0186 0.0361 0.0012 2.4833 1.6135  1 2014
284.299 36.8869 284.057 37.0906 0.0195 0.0430 0.0010 2.8312 1.7355  1 2014
284.301 36.8908 284.059 37.0943 0.0225 0.0509 0.0010 3.0555 1.7603  1 2014
284.305 36.8926 284.057 37.0998 0.0180 0.0470 0.0010 2.3705 1.4877  1 2014
284.312 36.8961 284.060 37.1041 0.0110 0.0249 0.0010 2.0409 1.4630  1 2014
284.313 36.9085 284.069 37.1088 0.0104 0.0126 0.0083 2.4635 1.5970  1 2014
284.318 36.9137 284.074 37.1112 0.0120 0.0158 0.0082 2.7725 1.7811  1 2014
284.323 36.9146 284.079 37.1121 0.0141 0.0202 0.0079 2.8357 1.8001  1 2014
284.334 36.9171 284.084 37.1124 0.0185 0.0301 0.0069 2.9045 1.8011  1 2014
284.339 36.9241 284.089 37.1136 0.0243 0.0389 0.0097 2.8406 1.7814  1 2014
284.339 36.9329 284.098 37.1174 0.0300 0.0471 0.0128 2.4907 1.6800  1 2014
284.343 36.9390 284.102 37.1187 0.0392 0.0756 0.0027 2.4777 1.6033  1 2014
284.366 36.9392 284.109 37.1241 0.0492 0.0749 0.0235 2.4209 1.4451  1 2014
284.365 36.9371 284.106 37.1211 0.0479 0.0822 0.0136 2.5141 1.5042  1 2014
284.367 36.9564 284.116 37.1310 0.0507 0.0801 0.0213 2.0413 1.3143  1 2014
284.352 36.9790 284.113 37.1275 0.0516 0.0852 0.0181 2.2120 1.3730  1 2014
284.330 37.0245 284.119 37.1345 0.0425 0.0731 0.0119 1.9612 1.3279  1 2014
284.338 37.0280 284.126 37.1411 0.0168 0.0335 0.0002 1.8487 1.4868  1 2014
284.346 37.0317 284.129 37.1440 0.0160 0.0329 0.0010 1.8550 1.3136  1 2014
284.354 37.0351 284.134 37.1489 0.0295 0.0679 0.0010 2.0360 1.3578  1 2014
284.362 37.0374 284.137 37.1520 0.0374 0.0849 0.0010 2.0828 1.3577  1 2014
284.371 37.0389 284.141 37.1555 0.0431 0.0819 0.0043 2.0835 1.3528  1 2014
284.378 37.0426 284.144 37.1589 0.0532 0.0794 0.0269 2.0707 1.3396  1 2014
284.381 37.0467 284.148 37.1621 0.0539 0.0785 0.0294 2.0499 1.3184  1 2014
284.383 37.0563 284.152 37.1651 0.0482 0.0660 0.0304 2.0078 1.3165  1 2014
284.387 37.0639 284.161 37.1707 0.0489 0.0811 0.0168 1.9281 1.3171  1 2014
284.391 37.0715 284.167 37.1759 0.0640 0.0928 0.0351 1.8605 1.3033  1 2014
284.390 37.0881 284.174 37.1865 0.0342 0.0628 0.0057 1.8065 1.2114  1 2014
284.395 37.0900 284.178 37.1893 0.0490 0.0945 0.0035 1.8593 1.2251  1 2014
284.399 37.0939 284.180 37.1919 0.0454 0.0977 0.0010 1.8890 1.2290  1 2014
284.403 37.0979 284.183 37.1958 0.0332 0.0748 0.0010 1.8854 1.2762  1 2014
284.406 37.1020 284.182 37.2000 0.0386 0.0747 0.0025 1.6549 1.2816  1 2014
284.413 37.1106 284.182 37.2088 0.0082 0.0195 0.0010 2.0429 1.7862  1 2014
284.415 37.1153 284.184 37.2132 0.0124 0.0267 0.0010 2.2884 1.6040  1 2014
284.417 37.1202 284.190 37.2154 0.0160 0.0311 0.0010 2.0631 1.4655  1 2014
284.419 37.1252 284.193 37.2205 0.0147 0.0278 0.0015 2.4741 1.6830  1 2014
284.420 37.1303 284.195 37.2240 0.0126 0.0254 0.0010 2.5700 1.7327  1 2014
284.421 37.1354 284.197 37.2275 0.0139 0.0291 0.0010 2.4978 1.7095  1 2014
284.421 37.1402 284.195 37.2328 0.0151 0.0252 0.0049 2.1371 1.4883  1 2014
284.421 37.1568 284.201 37.2440 0.0255 0.0422 0.0088 1.8109 1.4477  1 2014
284.422 37.1604 284.198 37.2496 0.0285 0.0453 0.0117 2.1752 1.4350  1 2014
284.422 37.1641 284.201 37.2502 0.0234 0.0438 0.0031 2.1582 1.5859  1 2014
284.423 37.1678 284.203 37.2527 0.0264 0.0480 0.0047 2.4919 1.9827  1 2014
284.424 37.1716 284.204 37.2560 0.0271 0.0460 0.0081 2.7419 1.8579  1 2014
284.426 37.1757 284.204 37.2620 0.0183 0.0296 0.0070 2.8354 1.9606  1 2014
284.427 37.1800 284.204 37.2662 0.0149 0.0212 0.0086 2.8270 1.9667  1 2014
284.430 37.1845 284.203 37.2713 0.0136 0.0208 0.0063 2.3169 1.6965  1 2014
284.432 37.1893 284.204 37.2752 0.0109 0.0161 0.0057 2.1575 1.6673  1 2014
284.435 37.1945 284.200 37.2830 0.0115 0.0220 0.0011 1.7746 1.3219  1 2014
284.438 37.1999 284.201 37.2871 0.0106 0.0178 0.0035 1.6943 1.2839  1 2014
284.443 37.2102 284.215 37.2963 0.0158 0.0261 0.0055 1.6215 1.1484  1 2014
284.447 37.2160 284.224 37.2988 0.0195 0.0402 0.0010 1.7117 1.5129  1 2014
284.451 37.2216 284.228 37.3031 0.0137 0.0226 0.0048 1.9440 1.6650  1 2014
284.455 37.2272 284.233 37.3076 0.0160 0.0285 0.0036 2.3545 1.7969  1 2014
284.459 37.2327 284.239 37.3127 0.0304 0.0643 0.0010 2.3467 1.4552  1 2014
284.462 37.2379 284.244 37.3172 0.0298 0.0730 0.0010 2.5543 1.5391  1 2014
284.466 37.2430 284.249 37.3229 0.0377 0.0700 0.0054 1.9343 1.3499  1 2014
284.469 37.2478 284.251 37.3256 0.0404 0.0851 0.0010 1.8976 1.3827  1 2014
284.473 37.2525 284.256 37.3318 0.0722 0.1389 0.0054 1.6458 1.3482  1 2014
284.506 37.2950 284.282 37.3729 0.0185 0.0302 0.0067 3.3254 1.9215  1 2014
284.504 37.2979 284.284 37.3759 0.0217 0.0307 0.0127 3.5738 2.0460  1 2014
284.503 37.3010 284.287 37.3792 0.0210 0.0291 0.0129 3.4754 2.0578  1 2014
284.501 37.3077 284.289 37.3831 0.0208 0.0287 0.0128 3.4015 2.0370  1 2014
284.502 37.3115 284.292 37.3869 0.0219 0.0297 0.0142 3.4016 2.1042  1 2014
284.502 37.3157 284.294 37.3901 0.0234 0.0308 0.0160 3.3962 2.1428  1 2014
284.503 37.3202 284.297 37.3940 0.0240 0.0313 0.0167 3.2472 2.0349  1 2014
284.505 37.3250 284.299 37.3979 0.0247 0.0319 0.0175 3.1245 1.9442  1 2014
284.507 37.3299 284.302 37.4016 0.0269 0.0349 0.0190 3.2239 2.0157  1 2014
284.509 37.3350 284.304 37.4055 0.0279 0.0361 0.0196 3.2618 2.1151  1 2014
284.513 37.3450 284.313 37.4167 0.0313 0.0405 0.0221 3.4140 2.2394  1 2014
284.515 37.3498 284.316 37.4205 0.0317 0.0388 0.0245 3.3469 2.2118  1 2014
284.517 37.3544 284.319 37.4243 0.0298 0.0405 0.0191 3.2938 2.1748  1 2014
284.518 37.3589 284.321 37.4282 0.0269 0.0438 0.0101 3.0668 2.0796  1 2014
284.518 37.3632 284.324 37.4314 0.0230 0.0410 0.0051 2.5859 1.9601  1 2014
284.519 37.3673 284.326 37.4337 0.0225 0.0390 0.0061 2.5057 1.9564  1 2014
284.519 37.3712 284.329 37.4371 0.0244 0.0380 0.0109 2.6342 1.8583  1 2014
284.518 37.3750 284.333 37.4403 0.0252 0.0450 0.0054 2.5562 1.6624  1 2014
284.517 37.3786 284.334 37.4420 0.0240 0.0506 0.0010 2.5125 1.5628  1 2014
284.515 37.3856 284.339 37.4466 0.0166 0.0369 0.0010 3.2636 1.9450  1 2014
284.514 37.3890 284.341 37.4504 0.0151 0.0268 0.0034 3.6333 2.1658  1 2014
284.512 37.3924 284.340 37.4521 0.0148 0.0288 0.0007 3.5481 2.2267  1 2014
284.510 37.3958 284.340 37.4552 0.0150 0.0330 0.0010 3.2209 1.9487  1 2014
284.506 37.4026 284.337 37.4612 0.0196 0.0832 0.0010 2.9821 1.7477  1 2014
284.573 37.5290 284.385 37.5922 0.0359 0.0833 0.0010 1.7427 1.2685  1 2014
284.649 37.5972 284.408 37.6732 0.0217 0.0447 0.0010 2.0448 1.3020  1 2014
284.652 37.6015 284.409 37.6763 0.0246 0.0623 0.0010 2.0532 1.2919  1 2014
284.654 37.6056 284.410 37.6806 0.0362 0.0926 0.0010 2.0691 1.3277  1 2014
284.656 37.6097 284.411 37.6850 0.0547 0.0912 0.0182 1.9392 1.3197  1 2014
284.657 37.6141 284.411 37.6892 0.0582 0.0829 0.0335 1.7072 1.2870  1 2014
284.658 37.6166 284.415 37.6915 0.0381 0.0765 0.0010 1.6493 1.4668  1 2014
284.661 37.6224 284.420 37.6963 0.0110 0.0148 0.0073 2.2493 1.5262  1 2014
284.664 37.6258 284.422 37.6992 0.0113 0.0161 0.0065 2.3551 1.6626  1 2014
284.666 37.6296 284.423 37.7023 0.0107 0.0158 0.0057 2.6213 1.8118  1 2014
284.670 37.6338 284.425 37.7095 0.0152 0.0229 0.0074 3.4665 2.1157  1 2014
284.674 37.6383 284.426 37.7129 0.0241 0.0489 0.0010 3.7057 2.4367  1 2014
284.679 37.6432 284.428 37.7170 0.0280 0.0577 0.0010 3.8707 2.5648  1 2014
284.684 37.6483 284.431 37.7254 0.0229 0.0315 0.0143 3.6739 2.5212  1 2014
284.690 37.6536 284.433 37.7295 0.0240 0.0316 0.0164 3.6336 2.4996  1 2014
284.692 37.6633 284.439 37.7403 0.0227 0.0404 0.0050 2.3852 1.9886  1 2014
284.693 37.6758 284.449 37.7501 0.0238 0.0465 0.0012 1.8547 1.2614  1 2014
284.694 37.6796 284.452 37.7539 0.0273 0.0482 0.0065 1.9439 1.3402  1 2014
284.698 37.6875 284.456 37.7612 0.0256 0.0467 0.0044 1.9878 1.4742  1 2014
284.700 37.6915 284.460 37.7685 0.0208 0.0401 0.0015 1.8898 1.2467  1 2014
284.702 37.6955 284.462 37.7721 0.0208 0.0392 0.0023 1.8885 1.2196  1 2014
284.705 37.6994 284.464 37.7760 0.0220 0.0403 0.0037 1.8229 1.2342  1 2014
284.707 37.7031 284.466 37.7801 0.0206 0.0349 0.0062 1.4697 1.2013  1 2014
284.708 37.7065 284.468 37.7837 0.0203 0.0332 0.0074 1.7075 1.2355  1 2014
284.709 37.7096 284.471 37.7864 0.0206 0.0319 0.0093 1.8727 1.2871  1 2014
284.709 37.7123 284.473 37.7895 0.0213 0.0340 0.0085 1.8906 1.3611  1 2014
284.688 37.7274 284.484 37.8036 0.0265 0.0522 0.0008 2.0213 1.5586  1 2014
284.690 37.7305 284.487 37.8071 0.0269 0.0438 0.0099 2.2053 1.5721  1 2014
284.693 37.7325 284.489 37.8096 0.0235 0.0343 0.0126 2.1709 1.5110  1 2014
284.722 37.7480 284.516 37.8363 0.0831 0.2199 0.0010 4.1120 1.9543  1 2014
284.735 37.7540 284.523 37.8430 0.0997 0.2476 0.0010 4.1897 1.9610  1 2014
284.742 37.7558 284.530 37.8499 0.0673 0.1602 0.0010 4.2272 2.6471  1 2014
284.745 37.7658 284.538 37.8567 0.0370 0.1301 0.0010 4.2291 2.9602  1 2014
284.742 37.7670 284.542 37.8598 0.0226 0.0647 0.0010 4.2315 2.8219  1 2014
284.739 37.7700 284.546 37.8630 0.0175 0.0620 0.0010 3.6585 2.3171  1 2014
284.739 37.7732 284.550 37.8654 0.0145 0.0341 0.0010 2.8545 1.8406  1 2014
284.738 37.7751 284.555 37.8672 0.0127 0.0227 0.0027 2.5089 1.6969  1 2014
284.738 37.7772 284.560 37.8686 0.0119 0.0203 0.0035 2.3836 1.6122  1 2014
284.738 37.7795 284.562 37.8695 0.0118 0.0216 0.0020 2.2611 1.5447  1 2014
284.738 37.7820 284.569 37.8701 0.0123 0.0234 0.0011 2.4259 1.5993  1 2014
284.739 37.7845 284.575 37.8708 0.0246 0.0513 0.0010 1.7492 1.5300  1 2014
284.740 37.7900 284.622 37.8538 0.0321 0.0672 0.0010 2.3934 1.7158  1 2014
284.741 37.7930 284.604 37.8696 0.0290 0.0800 0.0010 1.9162 1.3454  1 2014
284.747 37.7997 284.635 37.8634 0.0383 0.0687 0.0078 2.6601 1.6448  1 2014
284.750 37.8034 284.640 37.8681 0.0478 0.0835 0.0122 1.9452 1.2798  1 2014
284.755 37.8074 284.643 37.8711 0.0491 0.0859 0.0123 1.9803 1.3241  1 2014
284.760 37.8116 284.649 37.8775 0.0474 0.0833 0.0115 2.1716 1.4100  1 2014
284.778 37.8252 284.664 37.8987 0.0784 0.1223 0.0345 2.8401 1.9146  1 2014
284.785 37.8298 284.666 37.9024 0.0763 0.1244 0.0282 2.8582 1.9779  1 2014
284.789 37.8568 284.681 37.9253 0.0794 0.1226 0.0361 5.1037 2.9926  1 2014
284.788 37.8581 284.684 37.9292 0.0788 0.1359 0.0217 5.2442 2.8501  1 2014
284.788 37.8629 284.686 37.9333 0.0707 0.1295 0.0119 5.7817 3.0785  1 2014
284.789 37.8652 284.688 37.9372 0.0608 0.1005 0.0210 5.8134 3.2876  1 2014
284.791 37.8678 284.691 37.9411 0.0544 0.0982 0.0106 5.2785 3.0157  1 2014
284.795 37.8708 284.693 37.9449 0.0568 0.1102 0.0034 4.9936 2.7858  1 2014
284.799 37.8741 284.696 37.9489 0.0612 0.1197 0.0026 5.0525 2.8291  1 2014
284.804 37.8776 284.699 37.9544 0.0586 0.0916 0.0257 5.6248 2.8042  1 2014
284.810 37.8810 284.704 37.9612 0.0474 0.0713 0.0234 5.5842 2.6192  1 2014
284.816 37.8843 284.707 37.9642 0.0435 0.0676 0.0193 5.2444 2.3952  1 2014
284.822 37.8874 284.712 37.9698 0.0463 0.0987 0.0010 4.8700 2.5306  1 2014
284.829 37.8900 284.718 37.9771 0.0536 0.0890 0.0183 5.0210 2.9107  1 2014
284.836 37.8921 284.720 37.9804 0.0534 0.0841 0.0227 5.0802 2.8407  1 2014
284.843 37.8937 284.726 37.9875 0.0460 0.0832 0.0087 5.1963 3.0030  1 2014
284.850 37.8948 284.731 37.9935 0.0508 0.0819 0.0197 5.5613 2.5490  1 2014
284.857 37.8955 284.733 37.9969 0.0599 0.0978 0.0219 6.0024 2.7525  1 2014
284.865 37.8958 284.736 38.0007 0.0620 0.1075 0.0165 5.9562 3.1192  1 2014
284.873 37.8958 284.741 38.0083 0.0452 0.0742 0.0163 5.0010 2.8641  1 2014
284.880 37.8957 284.744 38.0119 0.0368 0.0606 0.0131 4.9539 2.8289  1 2014
284.885 37.8946 284.746 38.0143 0.0328 0.0521 0.0135 4.8709 2.5650  1 2014
284.893 37.8976 284.752 38.0205 0.0411 0.0707 0.0115 4.9738 2.4176  1 2014
284.901 37.9009 284.754 38.0237 0.0456 0.0881 0.0031 5.2561 2.8572  1 2014
284.909 37.9043 284.763 38.0365 0.0478 0.1172 0.0010 2.8012 1.8852  1 2014
284.912 37.9057 284.765 38.0383 0.0489 0.0956 0.0023 3.5930 2.6038  1 2014
284.912 37.9106 284.768 38.0431 0.0355 0.0759 0.0010 3.8847 2.6542  1 2014
284.912 37.9153 284.770 38.0458 0.0374 0.0718 0.0031 4.5204 2.8306  1 2014
284.912 37.9200 284.773 38.0483 0.0453 0.0795 0.0110 5.3548 2.9608  1 2014
284.912 37.9245 284.777 38.0544 0.0414 0.0614 0.0214 4.4043 2.9267  1 2014
284.913 37.9288 284.780 38.0576 0.0418 0.0612 0.0224 4.2792 2.9997  1 2014
284.915 37.9330 284.783 38.0628 0.0310 0.0539 0.0081 3.9168 2.6991  1 2014
284.916 37.9369 284.784 38.0649 0.0270 0.0505 0.0035 3.8895 2.6828  1 2014
284.926 37.9486 284.796 38.0819 0.0392 0.2016 0.0010 4.8380 2.8354  1 2014
284.935 37.9566 284.803 38.0922 0.0328 0.0616 0.0039 4.1880 2.6794  1 2014
284.940 37.9606 284.807 38.0997 0.0395 0.0939 0.0010 3.4555 2.2945  1 2014
284.943 37.9617 284.809 38.1022 0.0416 0.0984 0.0010 3.3820 2.4057  1 2014
284.942 37.9548 284.806 38.0983 0.0352 0.0904 0.0010 3.4584 2.2851  1 2014
284.939 37.9510 284.805 38.0965 0.0315 0.0781 0.0010 3.6246 2.6004  1 2014
284.954 37.9582 284.813 38.1119 0.0484 0.0981 0.0010 2.9149 2.0098  1 2014
284.960 37.9647 284.818 38.1207 0.0593 0.1386 0.0010 2.6033 1.9232  1 2014
284.992 37.9759 284.831 38.1597 0.0270 0.0801 0.0010 3.9128 2.5785  1 2014
285.019 38.0075 284.849 38.2043 0.0478 0.0731 0.0225 4.2863 2.2753  1 2014
285.022 38.0206 284.854 38.2164 0.0516 0.0800 0.0232 4.5031 2.5775  1 2014
285.024 38.0270 284.856 38.2206 0.0532 0.0813 0.0250 4.3788 2.4655  1 2014
285.025 38.0332 284.858 38.2248 0.0548 0.0906 0.0190 4.1845 2.2967  1 2014
285.026 38.0393 284.860 38.2290 0.0565 0.0869 0.0261 4.3776 2.4171  1 2014
285.028 38.0452 284.864 38.2370 0.0586 0.0912 0.0261 5.1791 2.7453  1 2014
285.029 38.0509 284.866 38.2411 0.0549 0.0910 0.0189 4.7335 2.4733  1 2014
285.024 38.1076 284.878 38.2690 0.0449 0.0948 0.0010 2.5298 1.8608  1 2014
285.048 38.1721 284.902 38.3185 0.0236 0.0446 0.0025 4.0817 2.4992  1 2014
285.051 38.1778 284.907 38.3239 0.0234 0.0354 0.0114 4.1846 2.4729  1 2014
285.052 38.1835 284.909 38.3278 0.0254 0.0329 0.0179 2.4976 2.4130  1 2014
285.057 38.1880 284.915 38.3285 0.0395 0.0707 0.0082 3.2106 1.9798  1 2014
285.063 38.1897 284.916 38.3320 0.0378 0.0648 0.0108 3.5690 2.1009  1 2014
285.063 38.1848 284.915 38.3250 0.0425 0.0766 0.0084 2.7406 1.7860  1 2014
285.073 38.1892 284.917 38.3355 0.0433 0.0838 0.0028 3.4985 2.1911  1 2014
285.070 38.2049 284.920 38.3395 0.0519 0.0958 0.0080 3.3793 2.3357  1 2014
285.056 38.2035 284.912 38.3264 0.0320 0.0538 0.0102 2.3445 1.7354  1 2014
285.068 38.2233 284.922 38.3436 0.0539 0.0926 0.0151 3.3355 2.4011  1 2014
285.075 38.2300 284.923 38.3476 0.0514 0.0895 0.0133 3.3063 2.4462  1 2014
285.076 38.2383 284.927 38.3558 0.0590 0.0966 0.0213 4.1069 2.6175  1 2014
285.077 38.2441 284.929 38.3599 0.0662 0.1133 0.0191 4.8543 2.8198  1 2014
285.073 38.2425 284.925 38.3518 0.0516 0.0869 0.0163 3.4837 2.4755  1 2014
285.141 38.2933 284.947 38.4278 0.0576 0.0823 0.0330 5.2545 3.1749  1 2014
285.145 38.3011 284.948 38.4323 0.0555 0.0759 0.0352 5.5681 3.3391  1 2014
285.157 38.3187 284.950 38.4455 0.0548 0.0785 0.0311 5.0458 3.1292  1 2014
