%USGS SPCMSC mean beach slope derived from lidar surveys from 2007 to 2017, dunes from 2017 in LMSL, ver 1.2 Compiled 9/11/19 
%iso_lon %iso_lat %sl_lon %sl_lat %slope %95_up %95_low  dhigh   dlow month year
285.116 38.3915 284.950 38.4512 0.0493 0.0793 0.0192 5.4240 2.3740  6 2017
285.123 38.4143 284.950 38.4598 0.0396 0.0675 0.0116 5.9737 2.7627  6 2017
285.127 38.4382 284.950 38.4686 0.0427 0.0795 0.0060 5.9164 2.0484  6 2017
285.122 38.4626 284.949 38.4818 0.0430 0.0648 0.0212 4.6140 2.2140  6 2017
285.118 38.4871 284.948 38.4946 0.0356 0.0523 0.0190 6.1027 2.6497  6 2017
285.106 38.5088 284.947 38.5072 0.0291 0.0406 0.0177 5.1954 2.5574  6 2017
285.085 38.5204 284.948 38.5113 0.0414 0.0637 0.0191 4.9731 2.3221  6 2017
285.069 38.5382 284.946 38.5242 0.0446 0.0779 0.0112 6.0028 2.6538  6 2017
285.064 38.5622 284.944 38.5462 0.0480 0.0751 0.0210 5.5991 2.3501  6 2017
285.060 38.5869 284.942 38.5678 0.0408 0.0591 0.0225 4.7088 2.2368  6 2017
285.054 38.6114 284.940 38.5937 0.0437 0.0573 0.0300 5.2395 2.9135  6 2017
285.053 38.6363 284.935 38.6195 0.0398 0.0527 0.0269 5.4953 2.7913  6 2017
285.057 38.6609 284.934 38.6446 0.0406 0.0604 0.0208 7.6841 2.7221  6 2017
285.059 38.6858 284.930 38.6743 0.0413 0.0616 0.0210 5.8390 2.2000  6 2017
285.047 38.7066 284.926 38.7039 0.0386 0.0591 0.0181 4.9619 2.8529  6 2017
285.025 38.7185 284.923 38.7234 0.0467 0.0678 0.0256 5.0708 2.7958  6 2017
285.003 38.7291 284.920 38.7408 0.0395 0.0464 0.0327 5.3668 2.7728  6 2017
284.982 38.7425 284.918 38.7550 0.0283 0.0405 0.0161 4.8089 2.6799  6 2017
284.962 38.7577 284.915 38.7740 0.0447 0.0566 0.0329 5.1403 2.6223  6 2017
284.943 38.7746 284.912 38.7888 0.0442 0.0712 0.0172 5.2070 2.3900  6 2017
285.082 38.7536 285.037 38.9321 0.0359 0.0483 0.0235 5.4256 3.1426  6 2017
285.102 38.7389 285.059 38.9332 0.0272 0.0600 0.0010 5.1177 2.4177  6 2017
285.124 38.7266 285.078 38.9307 0.0162 0.0287 0.0037 3.1248 2.3688  6 2017
285.143 38.7109 285.091 38.9318 0.0363 0.0578 0.0149 3.5530 2.8220  6 2017
285.159 38.6914 285.101 38.9351 0.0348 0.0447 0.0249 4.3463 3.1913  6 2017
285.177 38.6745 285.106 38.9369 0.0539 0.0613 0.0465 4.4025 2.7365  6 2017
285.200 38.6655 285.114 38.9408 0.0298 0.0325 0.0272 4.6296 2.6166  6 2017
285.224 38.6672 285.119 38.9428 0.0208 0.0219 0.0197 4.1486 2.5046  6 2017
285.246 38.6780 285.124 38.9437 0.0162 0.0176 0.0149 3.2185 2.2465  6 2017
285.272 38.7427 285.138 38.9450 0.0280 0.0345 0.0216 5.1815 2.1865  6 2017
285.269 38.7675 285.142 38.9484 0.0266 0.0368 0.0163 6.1461 2.2021  6 2017
285.237 38.7999 285.146 38.9515 0.0233 0.0286 0.0180 6.0976 2.3886  6 2017
285.253 38.8373 285.149 38.9548 0.0187 0.0305 0.0069 4.5278 2.4978  6 2017
285.274 38.8515 285.163 38.9660 0.0112 0.0192 0.0033 3.2953 2.0573  6 2017
285.298 38.8582 285.177 38.9778 0.0142 0.0355 0.0010 2.9869 1.7969  6 2017
285.378 38.8222 285.192 38.9847 0.0101 0.0124 0.0077 2.8406 1.6876  6 2017
285.389 38.8440 285.199 38.9896 0.0229 0.0280 0.0178 3.7001 2.2331  6 2017
285.397 38.8677 285.211 39.0047 0.0165 0.0204 0.0126 3.2515 2.0225  6 2017
285.418 38.9129 285.236 39.0416 0.0444 0.0562 0.0327 5.0433 2.3673  6 2017
285.433 38.9328 285.248 39.0564 0.0332 0.0395 0.0269 5.1848 2.5338  6 2017
285.450 38.9514 285.264 39.0768 0.0153 0.0204 0.0101 4.6214 2.0494  6 2017
285.466 38.9704 285.279 39.0906 0.0222 0.0288 0.0156 4.2210 2.1010  6 2017
285.487 39.0154 285.298 39.1381 0.0422 0.0553 0.0290 5.7985 2.1925  6 2017
285.480 39.0393 285.306 39.1499 0.0377 0.0556 0.0198 4.7624 2.0484  6 2017
285.467 39.0607 285.312 39.1570 0.0382 0.0589 0.0175 4.7003 2.3983  6 2017
285.486 39.1297 285.356 39.2125 0.0294 0.0472 0.0116 4.3717 2.1897  6 2017
285.475 39.1510 285.365 39.2226 0.0531 0.0776 0.0286 4.3305 2.4425  6 2017
285.461 39.1677 285.371 39.2301 0.0425 0.0539 0.0311 4.5843 2.5373  6 2017
285.477 39.1827 285.388 39.2467 0.0308 0.0382 0.0234 4.9980 2.4900  6 2017
285.501 39.1898 285.405 39.2617 0.0210 0.0264 0.0156 4.1494 2.3574  6 2017
285.526 39.1957 285.425 39.2735 0.0267 0.0344 0.0190 3.8021 2.1751  6 2017
285.598 39.2156 285.482 39.3164 0.0334 0.0423 0.0244 4.8541 2.3981  6 2017
285.622 39.2230 285.506 39.3288 0.0332 0.0682 0.0010 4.0065 2.5145  6 2017
285.646 39.2314 285.526 39.3386 0.0321 0.0380 0.0262 4.1125 2.3915  6 2017
285.668 39.2432 285.551 39.3497 0.0234 0.0335 0.0132 4.6983 2.5263  6 2017
285.686 39.2601 285.583 39.3595 0.0444 0.0754 0.0134 4.6749 2.5949  6 2017
285.699 39.2810 285.596 39.3751 0.0326 0.0354 0.0298 5.5873 2.5153  6 2017
285.728 39.3216 285.635 39.4047 0.0347 0.0472 0.0222 5.0475 2.5955  6 2017
285.744 39.3411 285.652 39.4216 0.0323 0.0434 0.0213 3.8424 2.1833  6 2017
285.791 39.3995 285.687 39.4794 0.0207 0.0395 0.0019 4.1923 2.2723  6 2017
285.841 39.4827 285.744 39.5406 0.0738 0.0899 0.0577 6.7831 2.3951  6 2017
285.860 39.4992 285.761 39.5581 0.0661 0.0948 0.0373 6.7699 2.6149  6 2017
285.878 39.5165 285.772 39.5737 0.0743 0.0964 0.0521 6.7437 2.7347  6 2017
285.887 39.5392 285.783 39.5894 0.0679 0.0784 0.0575 6.7276 2.7886  6 2017
285.889 39.5641 285.794 39.6047 0.0608 0.0972 0.0244 6.8471 2.7341  6 2017
285.896 39.5877 285.808 39.6242 0.0491 0.0752 0.0231 6.7678 2.6988  6 2017
285.906 39.6108 285.822 39.6436 0.0622 0.0898 0.0345 7.2177 2.9037  6 2017
285.916 39.6336 285.837 39.6623 0.0730 0.1144 0.0316 6.8225 2.8485  6 2017
285.929 39.6546 285.851 39.6816 0.0753 0.1108 0.0398 6.7566 2.6176  6 2017
285.946 39.6731 285.863 39.6973 0.0547 0.1037 0.0057 6.7153 2.7664  6 2017
285.963 39.6921 285.873 39.7180 0.0646 0.0866 0.0426 6.6913 2.7813  6 2017
285.974 39.7142 285.884 39.7383 0.0499 0.0735 0.0262 6.9071 2.8582  6 2017
285.980 39.7385 285.903 39.7582 0.0448 0.0928 0.0010 3.4998 2.4918  6 2017
285.982 39.7634 285.905 39.7819 0.0402 0.0600 0.0204 7.0387 2.7417  6 2017
285.983 39.7884 285.908 39.8022 0.0509 0.0673 0.0345 7.9720 2.8650  6 2017
285.983 39.8134 285.910 39.8268 0.0342 0.0463 0.0220 5.4960 3.2120  6 2017
285.983 39.8384 285.914 39.8527 0.0619 0.0835 0.0402 8.7571 3.1291  6 2017
285.975 39.8616 285.917 39.8711 0.0597 0.0829 0.0364 6.8288 2.8048  6 2017
285.960 39.8814 285.918 39.8862 0.0715 0.1165 0.0264 5.7312 3.0822  6 2017
285.951 39.9046 285.922 39.9114 0.0644 0.0852 0.0436 7.3900 3.0920  6 2017
285.951 39.9294 285.928 39.9333 0.0757 0.0986 0.0529 5.4165 3.0445  6 2017
285.955 39.9541 285.932 39.9582 0.0696 0.1066 0.0325 4.6522 2.9382  6 2017
285.959 39.9789 285.937 39.9846 0.0796 0.1219 0.0372 5.5208 3.2678  6 2017
285.963 40.0036 285.942 40.0060 0.1253 0.1982 0.0524 5.9706 2.7106  6 2017
285.967 40.0282 285.949 40.0313 0.0966 0.1376 0.0556 6.1416 3.0396  6 2017
285.974 40.0523 285.955 40.0575 0.0785 0.1097 0.0473 6.3099 2.7089  6 2017
285.984 40.0753 285.959 40.0791 0.0583 0.0789 0.0378 7.2875 3.1435  6 2017
286.010 40.1179 285.970 40.1277 0.0462 0.0727 0.0197 6.7199 2.8309  6 2017
286.017 40.1418 285.978 40.1507 0.0611 0.0874 0.0348 5.7242 3.0642  6 2017
286.021 40.1665 285.986 40.1761 0.0635 0.1243 0.0027 3.9005 3.0475  6 2017
286.029 40.1901 285.992 40.1984 0.0366 0.0565 0.0167 4.2655 3.2835  6 2017
286.039 40.2133 286.000 40.2203 0.0410 0.0743 0.0078 4.4266 3.3216  6 2017
286.049 40.2362 286.006 40.2435 0.0594 0.1230 0.0010 7.5328 3.4208  6 2017
286.057 40.2596 286.014 40.2681 0.1404 0.2972 0.0010 7.8121 3.3791  6 2017
286.065 40.2836 286.019 40.2914 0.0513 0.1036 0.0010 7.9441 3.4831  6 2017
286.074 40.3070 286.023 40.3176 0.0414 0.0688 0.0139 4.3770 3.2640  6 2017
286.084 40.3300 286.026 40.3381 0.0576 0.0802 0.0350 5.3512 2.3342  6 2017
286.084 40.3548 286.027 40.3617 0.0407 0.0576 0.0238 4.1704 3.3464  6 2017
286.081 40.3797 286.025 40.3882 0.0400 0.0509 0.0291 5.0620 2.7030  6 2017
286.081 40.4047 286.021 40.4111 0.0193 0.0466 0.0010 4.7569 2.5639  6 2017
286.082 40.4297 286.016 40.4336 0.0576 0.1175 0.0010 5.8220 3.4130  6 2017
286.083 40.4547 286.010 40.4601 0.0317 0.0864 0.0010 4.8936 2.2686  6 2017
