%USGS SPCMSC mean beach slope derived from lidar surveys from 1998 to 2010, dunes from 2010 in LMSL, Version 1.1 Compiled 3/30/17 
%iso_lon %iso_lat %sl_lon %sl_lat %slope %95_up %95_low  dhigh   dlow month year
276.789 28.0995 277.149 28.2122 0.0256 0.0505 0.0007 1.2429 0.8574  6 2010
276.791 28.0932 277.149 28.2051 0.0458 0.0667 0.0249 1.6981 1.2015  6 2010
276.792 28.0871 277.149 28.1962 0.0370 0.0522 0.0218 1.9550 1.2518  6 2010
276.794 28.0811 277.149 28.1918 0.0385 0.0523 0.0247 1.8843 1.2189  6 2010
276.797 28.0753 277.150 28.1833 0.0275 0.0550 0.0010 1.8735 1.2041  6 2010
276.799 28.0696 277.150 28.1764 0.0293 0.0426 0.0161 1.7031 1.1650  6 2010
276.802 28.0640 277.152 28.1676 0.0406 0.0735 0.0077 1.4644 1.0796  6 2010
276.805 28.0583 277.153 28.1640 0.0353 0.0562 0.0145 1.2005 0.9673  6 2010
276.832 28.0000 277.164 28.0930 0.0364 0.0587 0.0141 1.1964 0.7010  6 2010
276.838 27.9920 277.163 28.0841 0.0494 0.0710 0.0278 1.2103 0.7021  6 2010
276.843 27.9844 277.164 28.0751 0.0653 0.0962 0.0344 1.4842 0.9566  6 2010
276.846 27.9761 277.168 28.0633 0.0849 0.1416 0.0282 1.3679 1.1435  6 2010
276.844 27.9677 277.175 28.0575 0.0487 0.0974 0.0001 1.6638 1.1924  6 2010
276.842 27.9642 277.178 28.0544 0.0325 0.0573 0.0077 1.4685 1.1286  6 2010
276.846 27.9594 277.181 28.0511 0.0284 0.0690 0.0010 1.2651 1.0604  6 2010
276.848 27.9546 277.180 28.0427 0.0263 0.0467 0.0059 1.6722 1.0511  6 2010
276.851 27.9497 277.179 28.0384 0.0307 0.0453 0.0161 1.7710 1.1013  6 2010
276.854 27.9449 277.178 28.0321 0.0352 0.0558 0.0146 2.1046 1.2825  6 2010
276.856 27.9401 277.174 28.0244 0.0541 0.0916 0.0165 1.9295 1.2315  6 2010
276.858 27.9355 277.173 28.0201 0.0518 0.0804 0.0232 1.8042 1.2178  6 2010
276.860 27.9310 277.172 28.0116 0.0455 0.0838 0.0071 2.3999 1.3915  6 2010
276.861 27.9268 277.172 28.0075 0.0323 0.0632 0.0014 2.6638 1.4599  6 2010
276.861 27.9227 277.172 28.0036 0.0223 0.0391 0.0056 2.5370 1.4262  6 2010
276.860 27.9189 277.172 27.9999 0.0356 0.0632 0.0081 1.9913 1.3293  6 2010
276.860 27.9153 277.172 27.9966 0.0400 0.0659 0.0141 1.8327 1.2583  6 2010
276.859 27.9117 277.172 27.9926 0.0366 0.0580 0.0153 1.8040 1.2501  6 2010
276.858 27.9082 277.171 27.9890 0.0284 0.0487 0.0081 1.8829 1.3044  6 2010
276.857 27.9046 277.172 27.9857 0.0190 0.0297 0.0083 1.9986 1.4237  6 2010
276.856 27.9008 277.172 27.9826 0.0162 0.0238 0.0087 2.0575 1.3996  6 2010
276.856 27.8969 277.171 27.9788 0.0173 0.0268 0.0078 2.0946 1.3655  6 2010
276.856 27.8926 277.170 27.9712 0.0180 0.0317 0.0044 2.0921 1.4878  6 2010
276.856 27.8881 277.171 27.9679 0.0191 0.0307 0.0075 2.0549 1.5190  6 2010
276.856 27.8833 277.169 27.9629 0.0239 0.0767 0.0010 2.0290 1.2164  6 2010
276.856 27.8782 277.169 27.9563 0.0225 0.0472 0.0010 2.0542 1.3949  6 2010
276.857 27.8728 277.166 27.9506 0.0306 0.0600 0.0012 1.9036 1.3575  6 2010
276.857 27.8673 277.162 27.9424 0.0402 0.0844 0.0010 1.9726 1.3400  6 2010
276.858 27.8617 277.160 27.9391 0.0539 0.1196 0.0010 2.0759 1.3484  6 2010
276.858 27.8560 277.158 27.9309 0.0677 0.1115 0.0240 2.1188 1.3552  6 2010
276.858 27.8502 277.156 27.9265 0.0649 0.1099 0.0199 2.2465 1.4345  6 2010
276.859 27.8467 277.156 27.9224 0.0708 0.1197 0.0219 2.4539 1.5008  6 2010
276.863 27.8411 277.154 27.9146 0.0860 0.1338 0.0382 2.5555 1.4824  6 2010
276.867 27.8356 277.152 27.9078 0.0670 0.1104 0.0236 2.3396 1.4887  6 2010
276.870 27.8303 277.151 27.8995 0.0573 0.0924 0.0222 2.4169 1.4712  6 2010
276.873 27.8250 277.150 27.8953 0.0549 0.0854 0.0244 2.4436 1.4132  6 2010
276.875 27.8199 277.149 27.8910 0.0527 0.0833 0.0221 2.4769 1.4460  6 2010
276.876 27.8149 277.149 27.8826 0.0504 0.0757 0.0250 2.4486 1.5308  6 2010
276.877 27.8103 277.149 27.8783 0.0517 0.0816 0.0219 2.3667 1.5040  6 2010
276.877 27.8059 277.149 27.8744 0.0517 0.0768 0.0267 2.2964 1.4468  6 2010
276.877 27.8018 277.149 27.8706 0.0456 0.0629 0.0282 2.2006 1.4101  6 2010
276.877 27.7980 277.150 27.8668 0.0425 0.0620 0.0230 2.1298 1.4337  6 2010
276.877 27.7944 277.151 27.8634 0.0419 0.0635 0.0204 2.1270 1.4377  6 2010
276.877 27.7877 277.152 27.8599 0.0439 0.0667 0.0211 2.0836 1.3569  6 2010
276.878 27.7845 277.153 27.8562 0.0463 0.0690 0.0236 1.9977 1.3125  6 2010
276.879 27.7812 277.154 27.8522 0.0472 0.0727 0.0217 1.9497 1.2867  6 2010
276.880 27.7778 277.156 27.8484 0.0483 0.0773 0.0192 2.0086 1.2875  6 2010
276.884 27.7707 277.158 27.8449 0.0482 0.0754 0.0209 2.0981 1.3883  6 2010
276.886 27.7668 277.160 27.8413 0.0438 0.0739 0.0136 2.0894 1.5577  6 2010
276.889 27.7628 277.162 27.8377 0.0412 0.0724 0.0099 2.0503 1.5531  6 2010
276.891 27.7586 277.166 27.8319 0.0339 0.0602 0.0076 2.2355 1.6170  6 2010
276.893 27.7543 277.168 27.8282 0.0345 0.0609 0.0082 2.2156 1.5734  6 2010
276.895 27.7498 277.170 27.8254 0.0396 0.0744 0.0048 2.1156 1.4626  6 2010
276.897 27.7453 277.172 27.8221 0.0446 0.0775 0.0117 2.0440 1.3756  6 2010
276.898 27.7407 277.178 27.8158 0.0549 0.0767 0.0331 2.0902 1.2903  6 2010
276.900 27.7362 277.181 27.8129 0.0519 0.0767 0.0271 2.1223 1.3202  6 2010
276.902 27.7319 277.184 27.8106 0.0503 0.0833 0.0172 2.1738 1.3720  6 2010
276.903 27.7278 277.188 27.8082 0.0592 0.1089 0.0094 2.2293 1.4113  6 2010
276.904 27.7239 277.192 27.8056 0.0595 0.0982 0.0208 2.2111 1.4594  6 2010
276.904 27.7201 277.195 27.8032 0.0534 0.0850 0.0219 2.1365 1.4710  6 2010
276.905 27.7165 277.198 27.8005 0.0487 0.0793 0.0182 2.0246 1.4072  6 2010
276.905 27.7131 277.202 27.7978 0.0440 0.0633 0.0247 1.8937 1.3189  6 2010
276.905 27.7062 277.205 27.7949 0.0376 0.0521 0.0231 1.8590 1.2893  6 2010
276.905 27.7028 277.209 27.7922 0.0309 0.0472 0.0146 1.9792 1.3229  6 2010
276.901 27.6983 277.212 27.7894 0.0333 0.0615 0.0050 2.2074 1.3779  6 2010
276.904 27.6906 277.214 27.7858 0.0359 0.0713 0.0005 2.2849 1.4348  6 2010
276.907 27.6853 277.217 27.7797 0.0661 0.1188 0.0134 2.2391 1.3621  6 2010
276.910 27.6802 277.220 27.7762 0.0564 0.1167 0.0010 2.1909 1.3648  6 2010
276.913 27.6753 277.224 27.7716 0.0190 0.0350 0.0030 1.7427 1.4000  6 2010
276.916 27.6706 277.227 27.7694 0.0240 0.0433 0.0046 1.6523 1.3939  6 2010
276.918 27.6661 277.229 27.7659 0.0256 0.0503 0.0008 1.6878 1.5383  6 2010
276.923 27.6574 277.234 27.7586 0.0368 0.0569 0.0167 2.3579 1.8323  6 2010
276.925 27.6530 277.236 27.7546 0.0456 0.0777 0.0134 2.4771 1.6379  6 2010
276.927 27.6486 277.237 27.7504 0.0549 0.0967 0.0131 2.4706 1.4712  6 2010
276.928 27.6441 277.239 27.7464 0.0620 0.1069 0.0171 2.5453 1.4429  6 2010
276.929 27.6396 277.242 27.7427 0.0581 0.1098 0.0065 2.5586 1.5469  6 2010
276.930 27.6351 277.244 27.7390 0.0481 0.1050 0.0010 2.3575 1.6181  6 2010
276.932 27.6263 277.247 27.7363 0.0384 0.1171 0.0010 2.0995 1.5150  6 2010
276.932 27.6222 277.250 27.7338 0.0272 0.0727 0.0010 2.0871 1.4994  6 2010
276.933 27.6182 277.253 27.7314 0.0220 0.0473 0.0010 2.2089 1.5599  6 2010
276.933 27.6144 277.255 27.7282 0.0212 0.0396 0.0027 2.2576 1.6504  6 2010
276.933 27.6071 277.257 27.7253 0.0207 0.0364 0.0051 2.2327 1.6460  6 2010
276.934 27.5998 277.258 27.7216 0.0207 0.0332 0.0083 2.2964 1.5397  6 2010
276.935 27.5958 277.260 27.7180 0.0225 0.0366 0.0084 2.3012 1.4425  6 2010
276.936 27.5916 277.260 27.7144 0.0277 0.0453 0.0100 2.2738 1.4062  6 2010
276.938 27.5821 277.261 27.7107 0.0342 0.0517 0.0166 2.4142 1.4263  6 2010
276.940 27.5768 277.262 27.7066 0.0370 0.0483 0.0257 2.7348 1.5164  6 2010
276.942 27.5712 277.262 27.6980 0.0343 0.0436 0.0250 3.0703 1.9336  6 2010
276.944 27.5656 277.262 27.6935 0.0367 0.0488 0.0247 2.8984 1.8498  6 2010
276.946 27.5599 277.262 27.6891 0.0445 0.0672 0.0218 2.6070 1.8180  6 2010
276.949 27.5543 277.262 27.6846 0.0507 0.0775 0.0239 2.4021 1.7830  6 2010
276.953 27.5439 277.257 27.6729 0.0325 0.0690 0.0010 1.6391 1.2931  6 2010
276.956 27.5390 277.255 27.6692 0.0412 0.0724 0.0100 1.7264 1.2735  6 2010
276.958 27.5344 277.256 27.6648 0.0456 0.0668 0.0244 1.7125 1.2371  6 2010
276.961 27.5299 277.255 27.6606 0.0364 0.0663 0.0064 1.8834 1.2495  6 2010
276.964 27.5255 277.254 27.6565 0.0251 0.0514 0.0010 1.9750 1.2025  6 2010
276.966 27.5211 277.259 27.6518 0.0146 0.0253 0.0038 1.2456 1.0020  6 2010
276.971 27.5119 277.257 27.6444 0.0379 0.0791 0.0010 1.2127 1.0885  6 2010
276.974 27.5070 277.258 27.6409 0.0234 0.0551 0.0010 1.3158 1.0717  6 2010
276.976 27.5017 277.261 27.6364 0.0264 0.0582 0.0010 1.2525 1.0442  6 2010
276.978 27.4961 277.260 27.6302 0.0242 0.0695 0.0010 1.6466 1.3236  6 2010
276.980 27.4901 277.261 27.6259 0.0155 0.0436 0.0010 1.5524 1.3095  6 2010
276.981 27.4838 277.264 27.6220 0.0272 0.0810 0.0010 2.4449 1.4251  6 2010
276.983 27.4772 277.264 27.6176 0.0278 0.0755 0.0010 2.1915 1.3736  6 2010
276.984 27.4705 277.237 27.5969 0.0264 0.0654 0.0010 2.3615 1.5028  6 2010
276.986 27.4639 277.236 27.5894 0.0790 0.1699 0.0010 1.9108 1.2782  6 2010
276.988 27.4574 277.237 27.5850 0.0980 0.1818 0.0143 1.7711 1.2309  6 2010
276.990 27.4510 277.239 27.5799 0.0513 0.0966 0.0061 2.1045 1.3836  6 2010
276.992 27.4448 277.242 27.5764 0.0215 0.0411 0.0019 1.8033 1.2773  6 2010
276.995 27.4389 277.244 27.5726 0.0137 0.0228 0.0046 1.5706 1.2198  6 2010
277.015 27.4094 277.254 27.5424 0.0391 0.0800 0.0010 1.9317 1.4546  6 2010
277.018 27.4052 277.255 27.5384 0.0772 0.1805 0.0010 2.1398 1.4266  6 2010
277.022 27.4012 277.256 27.5358 0.0611 0.1710 0.0010 2.1011 1.3753  6 2010
277.025 27.3972 277.258 27.5319 0.0331 0.1038 0.0010 2.0403 1.3567  6 2010
277.029 27.3932 277.261 27.5273 0.0323 0.0902 0.0010 2.0072 1.3780  6 2010
277.032 27.3892 277.263 27.5251 0.0421 0.1066 0.0010 2.2230 1.4074  6 2010
277.035 27.3851 277.267 27.5223 0.0422 0.0730 0.0114 2.4485 1.4698  6 2010
277.038 27.3810 277.270 27.5196 0.0493 0.0944 0.0041 2.5283 1.4955  6 2010
277.041 27.3768 277.273 27.5165 0.0605 0.1033 0.0177 2.5203 1.4460  6 2010
277.044 27.3724 277.276 27.5132 0.0624 0.0909 0.0339 2.4430 1.3854  6 2010
277.047 27.3679 277.279 27.5098 0.0541 0.0861 0.0220 2.3327 1.4067  6 2010
277.050 27.3632 277.281 27.5071 0.0413 0.0778 0.0048 2.3040 1.4993  6 2010
277.053 27.3583 277.284 27.5036 0.0346 0.0642 0.0050 2.4070 1.5808  6 2010
277.055 27.3532 277.286 27.5001 0.0353 0.0639 0.0067 2.5009 1.5869  6 2010
277.058 27.3480 277.290 27.4926 0.0443 0.0702 0.0184 2.4435 1.4608  6 2010
277.061 27.3427 277.292 27.4887 0.0443 0.0559 0.0326 2.4170 1.3858  6 2010
277.063 27.3373 277.293 27.4851 0.0464 0.0604 0.0324 2.3945 1.3613  6 2010
277.065 27.3319 277.295 27.4815 0.0552 0.0842 0.0262 2.3567 1.3732  6 2010
277.068 27.3200 277.299 27.4704 0.0653 0.1063 0.0243 2.2009 1.3535  6 2010
277.070 27.3142 277.301 27.4663 0.0598 0.1085 0.0110 2.1711 1.3558  6 2010
277.073 27.3084 277.304 27.4578 0.0571 0.0874 0.0267 2.3397 1.4116  6 2010
277.075 27.3026 277.306 27.4537 0.0540 0.0839 0.0240 2.1686 1.3545  6 2010
277.078 27.2968 277.307 27.4501 0.0488 0.0782 0.0193 2.2646 1.3662  6 2010
277.081 27.2911 277.311 27.4428 0.0366 0.0721 0.0011 1.8076 1.4411  6 2010
277.087 27.2804 277.313 27.4334 0.0484 0.0995 0.0010 1.9918 1.2427  6 2010
277.090 27.2755 277.320 27.4283 0.0685 0.1476 0.0010 1.8944 1.2597  6 2010
277.094 27.2709 277.323 27.4260 0.0497 0.1019 0.0010 1.9317 1.3275  6 2010
277.098 27.2666 277.326 27.4241 0.0312 0.0579 0.0044 2.0187 1.3884  6 2010
277.101 27.2624 277.332 27.4197 0.0263 0.0411 0.0114 2.3691 1.4047  6 2010
277.105 27.2585 277.335 27.4164 0.0335 0.0575 0.0094 2.5081 1.3413  6 2010
277.109 27.2546 277.338 27.4135 0.0426 0.0821 0.0031 2.6216 1.3504  6 2010
277.113 27.2509 277.341 27.4104 0.0505 0.0840 0.0170 2.7142 1.4119  6 2010
277.116 27.2473 277.344 27.4075 0.0583 0.0932 0.0234 2.8246 1.4500  6 2010
277.120 27.2438 277.349 27.4009 0.0605 0.1059 0.0150 2.7259 1.5195  6 2010
277.125 27.2403 277.352 27.3976 0.0639 0.1218 0.0060 2.8965 1.7113  6 2010
277.129 27.2369 277.354 27.3943 0.0702 0.1386 0.0018 3.0639 1.8911  6 2010
277.133 27.2335 277.356 27.3910 0.0714 0.1348 0.0080 3.0970 1.9654  6 2010
277.138 27.2300 277.361 27.3841 0.0621 0.1555 0.0010 3.1872 1.9609  6 2010
277.143 27.2264 277.363 27.3802 0.0731 0.1684 0.0010 3.1131 1.9682  6 2010
277.148 27.2226 277.366 27.3767 0.0746 0.1497 0.0010 3.0574 2.0085  6 2010
277.153 27.2187 277.371 27.3696 0.0618 0.0936 0.0299 2.7311 1.9263  6 2010
277.158 27.2148 277.374 27.3665 0.0573 0.0908 0.0239 2.6885 1.8916  6 2010
277.163 27.2109 277.379 27.3598 0.0593 0.1013 0.0173 2.7257 1.7068  6 2010
277.169 27.2072 277.382 27.3571 0.0560 0.1044 0.0077 2.7501 1.7260  6 2010
277.174 27.2037 277.386 27.3524 0.0509 0.1119 0.0010 2.5589 1.5382  6 2010
277.178 27.2002 277.389 27.3494 0.0405 0.0728 0.0083 2.5078 1.4603  6 2010
277.183 27.1968 277.396 27.3435 0.0409 0.0584 0.0234 2.8538 1.6043  6 2010
277.188 27.1935 277.399 27.3408 0.0412 0.0656 0.0168 2.9507 1.6843  6 2010
277.192 27.1903 277.402 27.3374 0.0396 0.0682 0.0111 2.8427 1.5992  6 2010
277.196 27.1871 277.405 27.3340 0.0424 0.0770 0.0077 2.4469 1.4465  6 2010
277.199 27.1839 277.408 27.3309 0.0420 0.0732 0.0108 2.0833 1.3684  6 2010
277.203 27.1808 277.413 27.3275 0.0467 0.0894 0.0040 2.1745 1.4216  6 2010
277.206 27.1777 277.414 27.3197 0.0285 0.0707 0.0010 2.3771 1.3792  6 2010
277.210 27.1746 277.415 27.3180 0.0162 0.0315 0.0010 2.1141 1.2826  6 2010
277.213 27.1714 277.419 27.3157 0.0292 0.0557 0.0028 2.3450 1.6140  6 2010
277.217 27.1680 277.422 27.3123 0.0373 0.0697 0.0049 2.4633 1.6175  6 2010
277.220 27.1646 277.427 27.3055 0.0325 0.0679 0.0010 2.2452 1.4831  6 2010
277.224 27.1610 277.429 27.3023 0.0348 0.1104 0.0010 2.0819 1.4577  6 2010
277.227 27.1572 277.432 27.2975 0.0182 0.0411 0.0010 1.5498 1.3384  6 2010
277.231 27.1533 277.440 27.2942 0.0631 0.1114 0.0148 1.6835 1.3133  6 2010
277.234 27.1493 277.437 27.2865 0.0805 0.1541 0.0070 1.6695 1.2720  6 2010
277.238 27.1453 277.431 27.2768 0.0447 0.0944 0.0010 1.9925 1.4742  6 2010
277.241 27.1412 277.436 27.2710 0.0192 0.0414 0.0010 1.9789 1.4042  6 2010
277.245 27.1372 277.440 27.2684 0.0112 0.0161 0.0063 1.7644 1.2439  6 2010
277.248 27.1330 277.447 27.2665 0.0123 0.0216 0.0029 2.1877 1.3803  6 2010
277.252 27.1288 277.453 27.2623 0.0160 0.0271 0.0049 2.4287 1.5163  6 2010
277.255 27.1244 277.459 27.2576 0.0177 0.0269 0.0084 2.4329 1.5247  6 2010
277.259 27.1200 277.463 27.2519 0.0201 0.0296 0.0105 2.2792 1.4267  6 2010
277.263 27.1155 277.464 27.2455 0.1799 0.3785 0.0010 3.3567 1.9891  6 2010
277.266 27.1109 277.467 27.2419 0.2198 0.3606 0.0791 3.2017 1.9803  6 2010
277.270 27.1062 277.473 27.2361 0.0915 0.1633 0.0198 2.5386 1.7532  6 2010
277.273 27.1015 277.476 27.2324 0.0808 0.1437 0.0178 2.7920 1.8981  6 2010
277.276 27.0968 277.480 27.2244 0.0923 0.1614 0.0232 2.9943 2.0264  6 2010
277.279 27.0922 277.482 27.2206 0.1035 0.1665 0.0405 3.1032 2.0753  6 2010
277.282 27.0877 277.484 27.2165 0.1077 0.2082 0.0071 2.8428 1.9111  6 2010
277.284 27.0832 277.488 27.2087 0.0967 0.1720 0.0215 2.5675 1.7116  6 2010
277.285 27.0790 277.490 27.2048 0.0851 0.1430 0.0273 2.7114 1.6585  6 2010
277.287 27.0749 277.492 27.2009 0.0803 0.1169 0.0436 2.8244 1.5795  6 2010
277.288 27.0710 277.494 27.1975 0.0930 0.1391 0.0469 3.0227 1.5801  6 2010
277.289 27.0672 277.496 27.1936 0.1004 0.1515 0.0493 3.2871 1.6943  6 2010
277.290 27.0635 277.498 27.1898 0.1216 0.2382 0.0050 3.3083 1.9159  6 2010
277.292 27.0599 277.499 27.1856 0.1356 0.2856 0.0010 3.1220 1.9702  6 2010
277.294 27.0563 277.500 27.1816 0.1138 0.2081 0.0195 2.9986 1.8037  6 2010
277.296 27.0526 277.504 27.1737 0.0879 0.1172 0.0586 3.0207 1.5864  6 2010
277.299 27.0487 277.506 27.1699 0.1009 0.1615 0.0403 3.1675 1.5941  6 2010
277.302 27.0446 277.509 27.1660 0.1020 0.2104 0.0010 3.4197 1.6609  6 2010
277.305 27.0404 277.511 27.1624 0.0977 0.1814 0.0140 3.8042 1.7622  6 2010
277.308 27.0359 277.516 27.1547 0.1307 0.2041 0.0572 3.8647 1.9698  6 2010
277.312 27.0313 277.518 27.1509 0.1216 0.1921 0.0511 3.3460 1.8620  6 2010
277.316 27.0266 277.522 27.1429 0.0977 0.1343 0.0610 2.8957 1.6795  6 2010
277.319 27.0218 277.524 27.1387 0.0892 0.1185 0.0599 2.7879 1.6041  6 2010
277.322 27.0170 277.527 27.1301 0.0875 0.1386 0.0364 2.6548 1.5215  6 2010
277.324 27.0122 277.528 27.1260 0.0809 0.1210 0.0407 2.6988 1.4009  6 2010
277.326 27.0075 277.530 27.1183 0.0711 0.0986 0.0437 2.8485 1.5485  6 2010
277.328 27.0028 277.532 27.1139 0.0782 0.1158 0.0407 2.6597 1.6312  6 2010
277.329 26.9983 277.535 27.1111 0.1062 0.1699 0.0425 2.7640 1.6593  6 2010
277.330 26.9938 277.538 27.1037 0.1118 0.1657 0.0579 3.0779 1.7917  6 2010
277.331 26.9894 277.540 27.0998 0.1086 0.1735 0.0436 3.1157 1.7513  6 2010
277.332 26.9850 277.541 27.0958 0.1093 0.1730 0.0456 3.0527 1.7154  6 2010
277.334 26.9805 277.542 27.0919 0.1177 0.1844 0.0511 3.0136 1.7036  6 2010
277.335 26.9759 277.546 27.0844 0.0989 0.1772 0.0206 3.2814 1.6556  6 2010
277.337 26.9713 277.547 27.0810 0.0939 0.1626 0.0253 3.5318 1.8375  6 2010
277.339 26.9666 277.549 27.0747 0.0769 0.1332 0.0206 3.5483 1.7976  6 2010
277.341 26.9618 277.552 27.0679 0.0782 0.1268 0.0296 3.4033 1.7723  6 2010
277.344 26.9570 277.553 27.0638 0.0813 0.1339 0.0287 3.4563 1.8270  6 2010
277.347 26.9521 277.557 27.0564 0.0834 0.1555 0.0114 2.9859 1.5883  6 2010
277.369 26.9367 277.570 27.0380 0.0976 0.1367 0.0584 3.9419 1.8926  6 2010
277.368 26.9319 277.573 27.0342 0.0941 0.1339 0.0543 4.1506 2.0482  6 2010
277.367 26.9272 277.575 27.0304 0.0827 0.1295 0.0359 4.2663 2.2242  6 2010
277.367 26.9226 277.580 27.0232 0.0606 0.0821 0.0392 4.0678 2.3903  6 2010
277.367 26.9182 277.582 27.0199 0.0559 0.0813 0.0305 3.9985 2.2897  6 2010
277.367 26.9138 277.583 27.0169 0.0510 0.0755 0.0265 3.9494 2.3075  6 2010
277.368 26.9096 277.587 27.0108 0.0555 0.0949 0.0161 3.9345 2.3769  6 2010
277.370 26.9054 277.589 27.0070 0.0674 0.1125 0.0223 3.8984 2.2470  6 2010
277.371 26.9012 277.591 27.0039 0.0832 0.1320 0.0343 4.0096 2.0290  6 2010
277.374 26.8969 277.595 26.9962 0.1071 0.1680 0.0462 3.8806 1.7984  6 2010
277.376 26.8924 277.597 26.9924 0.1040 0.1561 0.0520 4.1849 1.8254  6 2010
277.379 26.8878 277.599 26.9885 0.0948 0.1297 0.0600 4.4373 1.8262  6 2010
277.382 26.8831 277.603 26.9804 0.0886 0.1363 0.0409 3.3115 1.6033  6 2010
277.385 26.8781 277.605 26.9766 0.0953 0.2034 0.0010 2.9115 1.5039  6 2010
277.388 26.8730 277.611 26.9692 0.0713 0.1294 0.0132 2.7747 1.5703  6 2010
277.390 26.8677 277.613 26.9655 0.0711 0.1190 0.0232 2.7767 1.5272  6 2010
277.393 26.8625 277.618 26.9580 0.0695 0.0999 0.0392 3.2196 1.5655  6 2010
277.395 26.8572 277.621 26.9544 0.0910 0.1670 0.0151 3.4611 1.6521  6 2010
277.397 26.8521 277.623 26.9505 0.1191 0.2219 0.0163 3.5847 1.8075  6 2010
277.399 26.8470 277.628 26.9428 0.2056 0.4321 0.0010 3.7115 2.0576  6 2010
277.400 26.8423 277.630 26.9389 0.1651 0.3479 0.0010 3.3785 1.8421  6 2010
277.402 26.8377 277.632 26.9350 0.1034 0.1910 0.0159 3.0696 1.6738  6 2010
277.404 26.8335 277.634 26.9313 0.0729 0.1140 0.0319 2.8458 1.6355  6 2010
277.405 26.8296 277.639 26.9244 0.0527 0.0880 0.0173 2.9129 1.8103  6 2010
277.406 26.8260 277.641 26.9206 0.0560 0.1106 0.0015 2.7287 1.5978  6 2010
277.408 26.8225 277.643 26.9168 0.0641 0.1235 0.0046 2.5960 1.4579  6 2010
277.410 26.8192 277.646 26.9129 0.0759 0.1298 0.0219 2.5980 1.4696  6 2010
277.413 26.8129 277.648 26.9093 0.0876 0.1496 0.0255 2.6881 1.5226  6 2010
277.414 26.8100 277.650 26.9060 0.0923 0.1511 0.0335 2.5419 1.5105  6 2010
277.416 26.8072 277.653 26.9023 0.0903 0.1473 0.0334 2.0741 1.4358  6 2010
277.418 26.8044 277.656 26.8988 0.0794 0.1425 0.0163 1.7320 1.2691  6 2010
277.419 26.8017 277.661 26.8977 0.0675 0.1160 0.0190 1.6002 1.1873  6 2010
277.421 26.7991 277.660 26.8928 0.0570 0.1422 0.0010 1.4964 1.2643  6 2010
277.423 26.7963 277.662 26.8886 0.0197 0.0488 0.0010 1.6851 1.2682  6 2010
277.424 26.7935 277.666 26.8864 0.0182 0.0395 0.0010 1.6877 1.2334  6 2010
277.426 26.7904 277.667 26.8833 0.0202 0.0463 0.0010 1.9008 1.2957  6 2010
277.428 26.7870 277.672 26.8799 0.0188 0.0375 0.0002 2.1697 1.3575  6 2010
277.429 26.7833 277.674 26.8783 0.0224 0.0376 0.0071 2.2486 1.4667  6 2010
277.431 26.7793 277.678 26.8711 0.0442 0.0760 0.0123 2.3661 1.5729  6 2010
277.433 26.7750 277.681 26.8673 0.0460 0.0693 0.0227 2.3062 1.5368  6 2010
277.434 26.7704 277.683 26.8636 0.0491 0.0817 0.0164 2.2600 1.4688  6 2010
277.435 26.7655 277.686 26.8598 0.0544 0.1061 0.0027 2.1280 1.3785  6 2010
277.435 26.7603 277.689 26.8567 0.0580 0.1021 0.0139 2.0202 1.3302  6 2010
277.436 26.7551 277.694 26.8492 0.0752 0.1245 0.0259 2.3654 1.3865  6 2010
277.436 26.7497 277.697 26.8455 0.0835 0.1333 0.0337 2.6142 1.4395  6 2010
277.436 26.7442 277.700 26.8419 0.0855 0.1344 0.0365 2.6771 1.4999  6 2010
277.436 26.7388 277.704 26.8352 0.0671 0.0977 0.0365 1.8459 1.4095  6 2010
277.436 26.7334 277.707 26.8318 0.0578 0.0847 0.0308 2.2704 1.4577  6 2010
277.436 26.7282 277.710 26.8280 0.0459 0.0703 0.0215 2.5161 1.5252  6 2010
277.437 26.7232 277.712 26.8243 0.0368 0.0541 0.0195 2.4726 1.5308  6 2010
277.438 26.7184 277.717 26.8174 0.0290 0.0585 0.0010 2.1799 1.3569  6 2010
277.439 26.7139 277.719 26.8144 0.0262 0.0477 0.0046 2.1091 1.3045  6 2010
277.440 26.7096 277.716 26.8068 0.0126 0.0244 0.0008 2.7326 1.4337  6 2010
277.442 26.7054 277.719 26.8037 0.0170 0.0362 0.0010 2.9870 1.5431  6 2010
277.445 26.7014 277.721 26.8000 0.0265 0.0673 0.0010 2.9639 1.5745  6 2010
277.447 26.6975 277.726 26.7928 0.0537 0.0967 0.0107 2.9649 1.6638  6 2010
277.450 26.6935 277.728 26.7895 0.0639 0.1046 0.0232 2.7643 1.5666  6 2010
277.452 26.6895 277.730 26.7856 0.0699 0.1142 0.0255 2.5182 1.5032  6 2010
277.455 26.6855 277.732 26.7784 0.0789 0.1016 0.0562 2.5490 1.5463  6 2010
277.457 26.6812 277.733 26.7741 0.0811 0.1072 0.0551 2.6600 1.5594  6 2010
277.459 26.6768 277.734 26.7701 0.0840 0.1139 0.0541 2.7883 1.5626  6 2010
277.461 26.6722 277.734 26.7657 0.0879 0.1325 0.0433 2.8888 1.6749  6 2010
277.462 26.6673 277.735 26.7568 0.0930 0.2016 0.0010 3.0704 1.9983  6 2010
277.464 26.6621 277.736 26.7524 0.0908 0.1579 0.0237 3.0644 1.9878  6 2010
277.465 26.6567 277.736 26.7483 0.0926 0.1618 0.0233 3.1022 1.8921  6 2010
277.466 26.6510 277.736 26.7410 0.0729 0.1442 0.0016 2.7768 1.7535  6 2010
277.467 26.6453 277.737 26.7325 0.0500 0.1298 0.0010 2.8704 1.7831  6 2010
277.476 26.6425 277.737 26.7282 0.0373 0.0716 0.0029 2.9921 1.8057  6 2010
277.480 26.6358 277.736 26.7199 0.0353 0.0789 0.0010 3.0393 1.6816  6 2010
277.482 26.6274 277.743 26.7133 0.0235 0.0504 0.0010 3.3858 1.6685  6 2010
277.483 26.6195 277.745 26.7037 0.0451 0.1123 0.0010 2.2751 1.4975  6 2010
277.478 26.6117 277.744 26.6966 0.0391 0.1290 0.0010 2.9991 1.5793  6 2010
277.484 26.6075 277.745 26.6904 0.0398 0.1275 0.0010 2.7261 1.5074  6 2010
277.493 26.6076 277.739 26.6843 0.0404 0.0754 0.0054 1.8856 1.4095  6 2010
277.500 26.6116 277.742 26.6874 0.0449 0.0862 0.0036 2.1323 1.5242  6 2010
277.507 26.6092 277.738 26.6807 0.0368 0.0740 0.0010 1.7522 1.2586  6 2010
277.507 26.6027 277.741 26.6728 0.0480 0.1026 0.0010 1.4521 1.2034  6 2010
277.507 26.5962 277.745 26.6696 0.0268 0.0540 0.0010 1.4683 1.2667  6 2010
277.507 26.5899 277.749 26.6653 0.0372 0.0587 0.0157 2.2798 1.4026  6 2010
277.508 26.5837 277.754 26.6580 0.0443 0.0845 0.0040 2.8611 1.5091  6 2010
277.507 26.5776 277.757 26.6513 0.0373 0.0744 0.0002 2.6691 1.5254  6 2010
277.507 26.5717 277.759 26.6471 0.0404 0.0936 0.0010 2.3643 1.4972  6 2010
277.507 26.5661 277.761 26.6431 0.0301 0.0557 0.0045 2.1953 1.3910  6 2010
277.506 26.5608 277.766 26.6374 0.0202 0.0409 0.0010 2.0137 1.2602  6 2010
277.505 26.5557 277.769 26.6342 0.0345 0.0728 0.0010 2.2622 1.4224  6 2010
277.504 26.5510 277.771 26.6302 0.0510 0.0699 0.0321 2.2883 1.4627  6 2010
277.502 26.5466 277.773 26.6262 0.0592 0.0952 0.0231 2.0367 1.3797  6 2010
277.500 26.5426 277.774 26.6219 0.0802 0.1619 0.0010 1.8434 1.3652  6 2010
277.499 26.5391 277.775 26.6177 0.0907 0.2015 0.0010 1.7865 1.4366  6 2010
277.498 26.5329 277.777 26.6136 0.0809 0.1961 0.0010 1.7509 1.4459  6 2010
277.498 26.5303 277.779 26.6096 0.0806 0.1708 0.0010 1.8539 1.5126  6 2010
277.500 26.5254 277.779 26.6061 0.0660 0.1263 0.0057 2.5021 1.8268  6 2010
277.502 26.5230 277.776 26.6023 0.0640 0.1239 0.0040 2.8125 1.9602  6 2010
277.505 26.5206 277.776 26.5987 0.0683 0.1204 0.0162 3.0920 2.0050  6 2010
277.507 26.5181 277.776 26.5947 0.0730 0.1232 0.0229 3.1437 2.0621  6 2010
277.510 26.5153 277.778 26.5912 0.0800 0.1407 0.0192 2.7740 2.0591  6 2010
277.512 26.5123 277.779 26.5885 0.0774 0.1609 0.0010 2.1609 1.8283  6 2010
277.514 26.5092 277.781 26.5848 0.0654 0.1672 0.0010 1.9343 1.3109  6 2010
277.515 26.5059 277.785 26.5821 0.0146 0.0336 0.0010 1.9442 1.1717  6 2010
277.517 26.5025 277.787 26.5795 0.0290 0.0735 0.0010 1.9733 1.2288  6 2010
277.519 26.4990 277.789 26.5771 0.0564 0.1134 0.0010 1.9753 1.3061  6 2010
277.520 26.4955 277.792 26.5735 0.0592 0.1441 0.0010 1.8900 1.3090  6 2010
277.522 26.4920 277.794 26.5701 0.0480 0.1063 0.0010 1.7399 1.2826  6 2010
277.523 26.4885 277.797 26.5660 0.0458 0.1033 0.0010 1.6154 1.2186  6 2010
277.525 26.4853 277.798 26.5617 0.0555 0.1247 0.0010 1.6180 1.2094  6 2010
277.528 26.4792 277.799 26.5588 0.0745 0.1500 0.0010 1.6814 1.2965  6 2010
277.530 26.4765 277.801 26.5548 0.0792 0.1792 0.0010 1.9519 1.4701  6 2010
277.531 26.4738 277.799 26.5519 0.0702 0.1459 0.0010 2.5637 1.5699  6 2010
277.532 26.4713 277.800 26.5480 0.0675 0.1202 0.0148 2.8031 1.6577  6 2010
277.534 26.4663 277.802 26.5439 0.0608 0.1019 0.0197 2.8655 1.7404  6 2010
277.536 26.4582 277.804 26.5396 0.0548 0.0819 0.0277 2.8991 1.6196  6 2010
277.536 26.4552 277.804 26.5353 0.0581 0.0893 0.0269 2.9416 1.4313  6 2010
277.539 26.4487 277.805 26.5309 0.0658 0.0965 0.0350 2.9683 1.4074  6 2010
277.540 26.4450 277.806 26.5265 0.0680 0.0953 0.0408 2.9879 1.4410  6 2010
277.542 26.4368 277.807 26.5224 0.0686 0.1004 0.0368 3.0953 1.4626  6 2010
277.543 26.4323 277.808 26.5182 0.0722 0.1099 0.0344 3.1636 1.4602  6 2010
277.543 26.4273 277.809 26.5139 0.0715 0.1224 0.0206 3.0523 1.5865  6 2010
277.543 26.4222 277.809 26.5099 0.0605 0.1299 0.0010 2.9250 1.8526  6 2010
277.542 26.4167 277.810 26.5069 0.0494 0.1070 0.0010 3.0361 2.0222  6 2010
277.541 26.4111 277.811 26.5035 0.0529 0.1150 0.0010 3.2676 2.0374  6 2010
277.538 26.4053 277.812 26.4960 0.0616 0.1322 0.0010 3.1457 1.9359  6 2010
277.536 26.3993 277.813 26.4927 0.0645 0.1226 0.0065 3.1622 1.9408  6 2010
277.527 26.3896 277.814 26.4885 0.0667 0.1271 0.0063 3.0872 1.9313  6 2010
277.527 26.3846 277.816 26.4848 0.0594 0.1127 0.0061 2.6909 1.8147  6 2010
277.527 26.3744 277.818 26.4814 0.0600 0.1159 0.0041 2.2482 1.5127  6 2010
277.527 26.3692 277.821 26.4778 0.0599 0.1063 0.0134 2.1953 1.4193  6 2010
277.527 26.3640 277.824 26.4742 0.0547 0.0948 0.0146 2.1780 1.3936  6 2010
277.527 26.3589 277.826 26.4706 0.0597 0.1046 0.0148 2.0808 1.3388  6 2010
277.527 26.3542 277.830 26.4674 0.0731 0.1249 0.0213 2.0225 1.3173  6 2010
277.528 26.3459 277.833 26.4651 0.0645 0.1184 0.0106 2.0810 1.2708  6 2010
277.528 26.3424 277.837 26.4625 0.0465 0.0945 0.0010 2.1818 1.2138  6 2010
277.529 26.3366 277.841 26.4606 0.0345 0.0614 0.0076 2.1886 1.2186  6 2010
277.532 26.3297 277.845 26.4583 0.0313 0.0551 0.0075 2.0914 1.2551  6 2010
277.535 26.3229 277.848 26.4564 0.0307 0.0713 0.0010 1.9679 1.2088  6 2010
277.536 26.3173 277.851 26.4549 0.0285 0.0884 0.0010 1.9456 1.0837  6 2010
277.538 26.3105 277.854 26.4527 0.0225 0.0538 0.0010 1.9527 1.0492  6 2010
277.538 26.3068 277.856 26.4516 0.0198 0.0417 0.0010 2.2003 1.3208  6 2010
277.539 26.2992 277.860 26.4486 0.0305 0.0728 0.0010 2.3081 1.3771  6 2010
277.540 26.2916 277.863 26.4455 0.0483 0.1072 0.0010 2.4275 1.4248  6 2010
277.541 26.2839 277.866 26.4427 0.0689 0.1253 0.0124 2.5754 1.5326  6 2010
277.542 26.2800 277.870 26.4395 0.0741 0.1228 0.0254 2.7356 1.6520  6 2010
277.544 26.2718 277.873 26.4372 0.0563 0.1007 0.0118 3.0061 1.7604  6 2010
277.545 26.2676 277.877 26.4350 0.0409 0.0872 0.0010 3.1429 1.7017  6 2010
277.548 26.2591 277.882 26.4333 0.0280 0.0603 0.0010 3.2379 1.5815  6 2010
277.551 26.2548 277.886 26.4314 0.0249 0.0449 0.0048 3.3065 1.6422  6 2010
277.553 26.2505 277.891 26.4297 0.0341 0.0896 0.0010 3.0561 1.6135  6 2010
277.557 26.2462 277.895 26.4281 0.0425 0.1128 0.0010 2.6111 1.4672  6 2010
277.560 26.2418 277.899 26.4263 0.0479 0.0945 0.0013 2.2175 1.3749  6 2010
277.565 26.2375 277.906 26.4239 0.0478 0.0842 0.0113 1.9998 1.4434  6 2010
277.569 26.2332 277.914 26.4225 0.0542 0.0843 0.0241 2.2182 1.5513  6 2010
277.574 26.2289 277.921 26.4224 0.0362 0.0584 0.0140 2.3223 1.7036  6 2010
277.580 26.2246 277.941 26.4276 0.0269 0.0447 0.0090 1.8554 1.6372  6 2010
277.591 26.2165 278.035 26.4709 0.0277 0.0404 0.0149 1.7822 1.3540  6 2010
277.598 26.2127 278.033 26.4634 0.0346 0.0622 0.0071 2.0032 1.3055  6 2010
277.604 26.2091 278.035 26.4596 0.0378 0.0676 0.0081 1.8540 1.3097  6 2010
277.610 26.2056 278.038 26.4568 0.0390 0.0609 0.0170 1.6788 1.2855  6 2010
277.616 26.2023 278.042 26.4542 0.0447 0.0655 0.0238 1.6405 1.2750  6 2010
277.622 26.1993 278.046 26.4520 0.0460 0.0780 0.0140 1.6570 1.3185  6 2010
277.627 26.1965 278.050 26.4503 0.0369 0.0629 0.0110 1.7443 1.3574  6 2010
277.633 26.1941 278.054 26.4488 0.0293 0.0401 0.0184 1.8820 1.3750  6 2010
277.638 26.1920 278.059 26.4470 0.0285 0.0423 0.0147 1.8651 1.3330  6 2010
277.642 26.1902 278.062 26.4455 0.0287 0.0424 0.0150 1.8402 1.2977  6 2010
277.647 26.1887 278.065 26.4443 0.0294 0.0391 0.0197 1.8940 1.3213  6 2010
277.655 26.1863 278.069 26.4423 0.0327 0.0470 0.0184 1.9131 1.3310  6 2010
277.661 26.1841 278.073 26.4400 0.0357 0.0516 0.0198 1.9042 1.3307  6 2010
277.669 26.1803 278.076 26.4379 0.0402 0.0640 0.0165 1.8729 1.3267  6 2010
277.675 26.1771 278.080 26.4355 0.0473 0.0872 0.0073 1.8929 1.3289  6 2010
277.677 26.1753 278.083 26.4331 0.0438 0.0890 0.0010 1.9577 1.3393  6 2010
277.683 26.1710 278.086 26.4306 0.0334 0.0644 0.0023 1.9621 1.3161  6 2010
277.685 26.1685 278.089 26.4278 0.0269 0.0663 0.0010 1.9055 1.2292  6 2010
277.688 26.1658 278.091 26.4254 0.0164 0.0392 0.0010 1.8751 1.1778  6 2010
277.690 26.1630 278.094 26.4225 0.0088 0.0141 0.0035 1.9479 1.2897  6 2010
277.693 26.1599 278.096 26.4196 0.0067 0.0098 0.0037 2.1367 1.3830  6 2010
277.695 26.1567 278.097 26.4168 0.0074 0.0147 0.0001 2.0678 1.4101  6 2010
277.698 26.1532 278.099 26.4127 0.0283 0.0594 0.0010 1.7975 1.1786  6 2010
277.700 26.1495 278.102 26.4081 0.0399 0.0686 0.0113 2.0548 1.4060  6 2010
277.702 26.1454 278.105 26.4052 0.0313 0.0610 0.0015 1.7082 1.3846  6 2010
277.710 26.1316 278.116 26.3946 0.0528 0.1098 0.0010 1.6937 1.0766  6 2010
277.712 26.1265 278.119 26.3915 0.0744 0.1335 0.0154 1.6142 1.0543  6 2010
277.714 26.1213 278.125 26.3855 0.0440 0.0730 0.0150 1.5775 1.1014  6 2010
277.715 26.1160 278.128 26.3824 0.0390 0.0640 0.0139 1.5651 1.2678  6 2010
277.716 26.1107 278.133 26.3780 0.0746 0.1174 0.0317 1.0907 0.8672  6 2010
277.718 26.1001 278.138 26.3667 0.0434 0.0732 0.0135 1.3652 1.2362  6 2010
277.718 26.0950 278.138 26.3629 0.0624 0.0833 0.0414 1.8540 1.3163  6 2010
277.718 26.0900 278.140 26.3600 0.0585 0.0789 0.0381 2.1244 1.4536  6 2010
277.719 26.0854 278.144 26.3530 0.0420 0.0490 0.0350 2.3186 1.5237  6 2010
277.719 26.0811 278.146 26.3501 0.0468 0.0582 0.0355 2.3224 1.5705  6 2010
277.720 26.0771 278.148 26.3460 0.0549 0.0678 0.0419 2.3958 1.6628  6 2010
277.721 26.0735 278.149 26.3425 0.0633 0.0745 0.0522 2.4310 1.6597  6 2010
277.722 26.0702 278.151 26.3387 0.0707 0.0823 0.0591 2.3598 1.5247  6 2010
277.724 26.0672 278.154 26.3312 0.0726 0.0842 0.0611 2.4216 1.5516  6 2010
277.727 26.0643 278.156 26.3272 0.0757 0.0861 0.0653 2.4044 1.4838  6 2010
277.730 26.0615 278.157 26.3230 0.0779 0.0853 0.0705 2.3857 1.5048  6 2010
277.733 26.0585 278.159 26.3188 0.0786 0.0852 0.0721 2.3962 1.5144  6 2010
277.736 26.0553 278.162 26.3105 0.0730 0.0823 0.0637 2.5874 1.4398  6 2010
277.738 26.0519 278.164 26.3067 0.0583 0.0828 0.0338 2.6064 1.4231  6 2010
277.741 26.0480 278.166 26.2998 0.0350 0.0464 0.0236 2.6877 1.4872  6 2010
277.743 26.0436 278.168 26.2937 0.0859 0.1787 0.0010 2.6949 1.7464  6 2010
277.747 26.0334 278.171 26.2774 0.0568 0.0705 0.0430 2.3918 1.5683  6 2010
277.749 26.0276 278.172 26.2732 0.0596 0.0735 0.0457 2.7496 1.7263  6 2010
277.750 26.0214 278.175 26.2648 0.0571 0.0730 0.0412 2.6371 1.7553  6 2010
277.752 26.0149 278.176 26.2574 0.0535 0.0696 0.0375 2.7892 1.7845  6 2010
277.753 26.0082 278.178 26.2492 0.0559 0.0652 0.0465 2.7376 1.8020  6 2010
277.754 26.0015 278.180 26.2363 0.0624 0.0703 0.0545 2.5488 1.6524  6 2010
277.763 25.9992 278.181 26.2319 0.0636 0.0743 0.0530 2.4979 1.6124  6 2010
277.769 25.9956 278.182 26.2231 0.0508 0.0730 0.0286 2.2443 1.4307  6 2010
277.774 25.9919 278.183 26.2146 0.0688 0.0825 0.0551 2.1726 1.4195  6 2010
277.779 25.9881 278.184 26.2066 0.0714 0.0909 0.0518 3.5609 2.1336  6 2010
277.784 25.9841 278.184 26.1977 0.0560 0.0766 0.0353 3.1762 1.8484  6 2010
277.788 25.9799 278.185 26.1890 0.0675 0.1196 0.0153 2.4017 1.4697  6 2010
277.791 25.9756 278.185 26.1819 0.0588 0.0858 0.0318 2.5345 1.5905  6 2010
277.794 25.9713 278.186 26.1739 0.0524 0.1007 0.0041 2.5020 1.4733  6 2010
277.796 25.9670 278.189 26.1665 0.0444 0.0725 0.0164 2.3296 1.4669  6 2010
277.798 25.9629 278.189 26.1628 0.0455 0.0750 0.0159 2.3996 1.4966  6 2010
277.800 25.9589 278.191 26.1549 0.0554 0.0833 0.0275 2.5319 1.6229  6 2010
277.803 25.9550 278.192 26.1466 0.0404 0.0537 0.0271 2.5504 1.5510  6 2010
277.805 25.9513 278.193 26.1426 0.0387 0.0494 0.0281 2.5790 1.5510  6 2010
277.808 25.9478 278.193 26.1368 0.0324 0.0420 0.0227 2.6508 1.5155  6 2010
277.811 25.9443 278.194 26.1299 0.0425 0.0558 0.0293 2.6831 1.5967  6 2010
277.814 25.9409 278.195 26.1227 0.0460 0.0674 0.0247 2.8420 1.6682  6 2010
277.818 25.9375 278.196 26.1174 0.0551 0.0802 0.0299 2.8716 1.6143  6 2010
277.822 25.9339 278.197 26.1108 0.0591 0.0917 0.0265 3.0611 1.5371  6 2010
277.826 25.9303 278.198 26.1041 0.0707 0.1063 0.0352 2.6319 1.3679  6 2010
277.830 25.9264 278.199 26.0941 0.0436 0.0671 0.0201 2.2820 1.4972  6 2010
277.833 25.9223 278.200 26.0891 0.0272 0.0498 0.0047 1.6077 1.1985  6 2010
277.837 25.9180 278.203 26.0840 0.0191 0.0559 0.0010 1.7681 1.0399  6 2010
277.839 25.9135 278.206 26.0762 0.0596 0.0663 0.0529 1.7815 1.2710  6 2010
277.841 25.9088 278.208 26.0721 0.0600 0.0659 0.0540 1.6402 1.2856  6 2010
277.842 25.9041 278.211 26.0640 0.0530 0.0665 0.0395 1.5696 0.8842  6 2010
277.843 25.8994 278.213 26.0599 0.0506 0.0608 0.0404 1.6005 0.9396  6 2010
277.843 25.8949 278.215 26.0557 0.0546 0.0709 0.0383 1.8081 1.2472  6 2010
277.842 25.8906 278.217 26.0521 0.0534 0.0749 0.0319 2.0511 1.3233  6 2010
277.842 25.8864 278.221 26.0447 0.0306 0.0390 0.0223 2.2138 1.2796  6 2010
277.841 25.8824 278.222 26.0419 0.0324 0.0420 0.0228 2.2582 1.3127  6 2010
277.840 25.8785 278.224 26.0395 0.0395 0.0509 0.0281 2.2173 1.3061  6 2010
277.839 25.8747 278.228 26.0331 0.0386 0.0555 0.0217 2.2359 1.1766  6 2010
277.839 25.8709 278.229 26.0310 0.0396 0.0731 0.0061 2.2663 1.3076  6 2010
277.839 25.8672 278.231 26.0240 0.0535 0.0755 0.0315 2.0199 1.4092  6 2010
277.840 25.8634 278.233 26.0208 0.0466 0.0713 0.0219 1.8242 1.3236  6 2010
277.842 25.8595 278.234 26.0172 0.0446 0.0594 0.0298 1.5919 0.9802  6 2010
277.844 25.8554 278.237 26.0093 0.0595 0.0970 0.0221 1.3691 1.0088  6 2010
277.847 25.8510 278.239 26.0052 0.0750 0.1195 0.0305 1.5245 1.0702  6 2010
277.850 25.8465 278.243 25.9978 0.0213 0.0296 0.0130 1.5681 0.8774  6 2010
277.854 25.8418 278.246 25.9942 0.0203 0.0247 0.0158 1.4500 0.8792  6 2010
277.872 25.8107 278.251 25.9482 0.0355 0.0853 0.0010 1.2486 0.7538  6 2010
277.873 25.8055 278.256 25.9442 0.0143 0.0209 0.0077 1.2346 1.0893  6 2010
277.874 25.8005 278.263 25.9416 0.0068 0.0139 0.0010 2.5846 1.6672  6 2010
277.873 25.7956 278.267 25.9342 0.0095 0.0125 0.0065 2.3671 1.5465  6 2010
277.873 25.7909 278.269 25.9313 0.0103 0.0133 0.0073 2.3733 1.4818  6 2010
277.871 25.7863 278.271 25.9247 0.0117 0.0184 0.0049 2.6610 1.5096  6 2010
277.869 25.7819 278.272 25.9210 0.0167 0.0289 0.0046 2.7724 1.5592  6 2010
277.867 25.7777 278.272 25.9173 0.0191 0.0259 0.0123 2.9048 1.6143  6 2010
277.864 25.7738 278.272 25.9129 0.0197 0.0281 0.0113 3.0031 1.6683  6 2010
