%USGS SPCMSC mean beach slope derived from lidar surveys from 2000-2013, dunes from 2010 and 2013 in LMSL, Version 1.1 Compiled 3/29/17 
%iso_lon %iso_lat %sl_lon %sl_lat %slope %95_up %95_low  dhigh   dlow month year
289.152 41.3335 289.188 41.3224 0.1560 0.2069 0.1051 7.3107 3.0965 11 2013
289.149 41.2219 289.193 41.3195 0.0950 0.1160 0.0739 7.1354 3.4902 11 2013
289.236 41.2691 289.206 41.3114 0.0874 0.1059 0.0689 7.4174 3.3369 11 2013
289.243 41.2749 289.222 41.3021 0.1102 0.2055 0.0149 7.2909 2.7041 11 2013
289.249 41.2806 289.231 41.3049 0.1865 0.2571 0.1160 13.4074 2.5010 11 2013
289.256 41.2860 289.237 41.3204 0.1216 0.1775 0.0657 7.8299 2.8822 11 2013
289.263 41.2911 289.246 41.3254 0.1124 0.1889 0.0358 5.4247 2.3425 11 2013
289.270 41.2956 289.252 41.3310 0.1403 0.2198 0.0608 30.0600 2.7618 11 2013
289.277 41.2995 289.261 41.3358 0.1511 0.2588 0.0434 28.4485 2.8744 11 2013
289.285 41.3029 289.271 41.3387 0.1256 0.3013 0.0010 8.5577 2.5262 11 2013
289.293 41.3056 289.283 41.3412 0.0848 0.1364 0.0331 4.1099 2.2892 11 2013
289.301 41.3078 289.294 41.3433 0.0992 0.1203 0.0781 5.5793 3.2606 11 2013
289.309 41.3094 289.300 41.3440 0.0933 0.1103 0.0763 5.1428 3.0503 11 2013
289.318 41.3106 289.311 41.3450 0.0972 0.1266 0.0679 4.4924 2.8283 11 2013
289.326 41.3113 289.323 41.3457 0.0997 0.1238 0.0755 4.5106 3.0295 11 2013
289.335 41.3117 289.335 41.3467 0.1095 0.1364 0.0826 4.4144 2.7628 11 2013
289.344 41.3118 289.341 41.3471 0.1043 0.1339 0.0747 3.9145 2.6108 11 2013
289.353 41.3118 289.353 41.3478 0.1085 0.1601 0.0568 3.1739 2.2106 11 2013
289.362 41.3116 289.365 41.3486 0.1127 0.1663 0.0590 3.5663 2.3611 11 2013
289.371 41.3112 289.370 41.3489 0.1114 0.1618 0.0609 3.2344 2.0744 11 2013
289.380 41.3107 289.382 41.3495 0.1147 0.1464 0.0830 3.9356 2.3256 11 2013
289.389 41.3102 289.394 41.3499 0.1211 0.1619 0.0802 4.2617 2.4695 11 2013
289.398 41.3094 289.405 41.3504 0.1168 0.1598 0.0738 4.0357 2.3726 11 2013
289.406 41.3085 289.411 41.3504 0.1134 0.1595 0.0672 3.9789 2.2985 11 2013
289.415 41.3073 289.423 41.3506 0.1204 0.1597 0.0812 3.7765 2.0983 11 2013
289.424 41.3058 289.435 41.3504 0.0999 0.1278 0.0719 3.7858 2.3142 11 2013
289.433 41.3041 289.441 41.3504 0.1043 0.1564 0.0522 4.2371 2.5134 11 2013
289.441 41.3020 289.452 41.3501 0.1120 0.1533 0.0706 4.8294 2.8185 11 2013
289.450 41.2997 289.464 41.3500 0.1005 0.1260 0.0750 4.5259 2.9842 11 2013
289.458 41.2971 289.475 41.3497 0.0992 0.1386 0.0598 5.6711 3.5266 11 2013
289.467 41.2943 289.481 41.3494 0.0821 0.1231 0.0411 5.5530 3.4778 11 2013
289.475 41.2913 289.492 41.3486 0.0584 0.1023 0.0146 4.3638 2.7374 11 2013
289.483 41.2882 289.503 41.3488 0.0561 0.0961 0.0162 2.6271 1.9518 11 2013
289.492 41.2850 289.514 41.3497 0.0983 0.1423 0.0543 2.5208 1.7009 11 2013
289.500 41.2819 289.520 41.3502 0.0931 0.1333 0.0528 2.3818 1.6614 11 2013
289.508 41.2787 289.530 41.3499 0.0922 0.1488 0.0356 2.4150 1.7427 11 2013
289.517 41.2757 289.539 41.3508 0.0958 0.2172 0.0010 5.4029 2.3577 11 2013
289.525 41.2730 289.544 41.3512 0.1038 0.2552 0.0010 6.3636 2.3320 11 2013
289.645 41.2596 289.549 41.3528 0.1142 0.2060 0.0224 5.0075 2.3021 11 2013
289.712 41.2444 289.727 41.3052 0.0901 0.1410 0.0392 4.5190 2.8663 11 2013
289.720 41.2416 289.736 41.2994 0.1532 0.2315 0.0749 6.6096 2.7643 11 2013
289.728 41.2386 289.741 41.2970 0.1421 0.2119 0.0722 5.8508 2.6186 11 2013
289.736 41.2354 289.750 41.2912 0.1116 0.1714 0.0519 3.5429 1.9203 11 2013
289.743 41.2322 289.760 41.2865 0.0841 0.1335 0.0347 2.8476 1.8455 11 2013
289.751 41.2289 289.765 41.2845 0.0619 0.0992 0.0246 3.1057 1.9080 11 2013
289.758 41.2256 289.770 41.2822 0.0603 0.0998 0.0208 3.4298 1.9528 11 2013
289.765 41.2225 289.779 41.2772 0.0983 0.1610 0.0356 2.8645 1.7724 11 2013
289.773 41.2196 289.785 41.2753 0.0896 0.1536 0.0257 3.6513 2.1888 11 2013
289.781 41.2170 289.795 41.2714 0.0736 0.1138 0.0333 4.8685 2.3062 11 2013
289.788 41.2148 289.804 41.2679 0.0801 0.1307 0.0295 4.8760 1.9598 11 2013
289.796 41.2130 289.809 41.2657 0.0948 0.1313 0.0583 5.2901 2.1533 11 2013
289.804 41.2117 289.819 41.2618 0.1308 0.1877 0.0740 5.3366 3.1352 11 2013
289.812 41.2109 289.830 41.2576 0.1307 0.2047 0.0567 4.7596 3.0842 11 2013
289.821 41.2105 289.835 41.2558 0.1220 0.2182 0.0258 5.2128 3.1397 11 2013
289.829 41.2104 289.846 41.2525 0.1063 0.1712 0.0414 5.5529 3.2931 11 2013
289.838 41.2105 289.857 41.2498 0.1217 0.1777 0.0657 5.3042 3.4108 11 2013
289.847 41.2106 289.869 41.2470 0.1318 0.2129 0.0508 6.5279 3.9268 11 2013
289.855 41.2107 289.874 41.2454 0.1208 0.2003 0.0412 6.8444 3.8225 11 2013
289.863 41.2105 289.885 41.2426 0.1199 0.1935 0.0463 6.6199 3.4950 11 2013
289.870 41.2100 289.899 41.2413 0.0589 0.1126 0.0052 6.2238 3.1846 11 2013
289.877 41.2090 289.914 41.2449 0.0828 0.1172 0.0484 7.6896 3.8754 11 2013
289.884 41.2076 289.926 41.2448 0.1120 0.1602 0.0638 7.2248 3.8369 11 2013
289.889 41.2057 289.943 41.2440 0.1572 0.2180 0.0963 8.5026 3.7793 11 2013
289.898 41.1976 289.996 41.2406 0.0923 0.1286 0.0560 10.9762 4.2926 11 2013
289.891 41.1602 289.979 41.2401 0.0977 0.1371 0.0583 6.0465 3.3835 11 2013
289.923 41.1608 290.008 41.2433 0.0629 0.0975 0.0283 12.7282 3.6810 11 2013
289.931 41.1605 290.023 41.2471 0.0793 0.1573 0.0012 4.0610 1.9553 11 2013
289.939 41.1600 290.033 41.2539 0.0601 0.0935 0.0267 4.3150 2.4011 11 2013
289.946 41.1591 290.027 41.2484 0.0604 0.1134 0.0075 4.2407 1.9489 11 2013
290.163 41.6159 290.064 41.6714 0.0269 0.0569 0.0010 2.5459 1.8490 11 2013
290.142 41.6525 290.065 41.6755 0.0303 0.0728 0.0010 2.7975 2.5711 11 2013
290.129 41.6711 290.066 41.6803 0.0424 0.1058 0.0010 3.8326 2.8472 11 2013
290.125 41.6766 290.067 41.6857 0.0552 0.1281 0.0010 4.2101 3.0654 11 2013
290.120 41.6872 290.067 41.6899 0.0666 0.1529 0.0010 3.7544 2.8549 11 2013
290.118 41.6923 290.068 41.6944 0.0627 0.1315 0.0010 3.3607 2.3712 11 2013
290.115 41.7030 290.069 41.7131 0.0702 0.1198 0.0207 3.2374 2.5840 11 2013
290.113 41.7149 290.070 41.7206 0.0802 0.1322 0.0283 4.6527 3.0740 11 2013
290.113 41.7215 290.071 41.7250 0.0884 0.1354 0.0414 5.9147 3.4359 11 2013
290.111 41.7359 290.070 41.7383 0.0987 0.1546 0.0428 7.7166 4.2905 11 2013
290.110 41.7436 290.070 41.7424 0.0923 0.1556 0.0289 8.1746 4.2828 11 2013
290.108 41.7517 290.069 41.7507 0.0907 0.1485 0.0329 9.4496 4.3105 11 2013
290.106 41.7599 290.069 41.7551 0.1013 0.1694 0.0332 9.2170 4.1382 11 2013
290.104 41.7683 290.068 41.7594 0.0989 0.1598 0.0380 8.1165 3.8616 11 2013
290.102 41.7767 290.067 41.7680 0.0724 0.1195 0.0253 3.8713 3.1994 11 2013
290.099 41.7852 290.065 41.7798 0.0797 0.1279 0.0316 5.5344 3.4520 11 2013
290.096 41.7937 290.064 41.7886 0.0809 0.1456 0.0162 5.8922 3.3904 11 2013
290.093 41.8022 290.063 41.7968 0.0624 0.1222 0.0026 5.3534 3.5293 11 2013
290.090 41.8107 290.061 41.8051 0.0613 0.1251 0.0010 5.4903 3.3421 11 2013
290.087 41.8193 290.060 41.8161 0.0701 0.1391 0.0011 4.1727 3.0352 11 2013
290.085 41.8278 290.059 41.8238 0.0733 0.1303 0.0163 3.3672 2.7351 11 2013
290.079 41.8449 290.054 41.8394 0.0764 0.1270 0.0258 6.2528 3.8234 11 2013
290.076 41.8535 290.052 41.8474 0.1044 0.1645 0.0443 11.3620 4.7526 11 2013
290.074 41.8620 290.050 41.8544 0.0978 0.1510 0.0447 14.9315 4.1781 11 2013
290.071 41.8706 290.047 41.8624 0.1056 0.1766 0.0347 18.7590 3.6295 11 2013
290.068 41.8792 290.044 41.8710 0.1004 0.1867 0.0142 20.1766 3.9362 11 2013
290.066 41.8878 290.041 41.8796 0.0853 0.1435 0.0271 20.6813 5.0100 11 2013
290.063 41.8963 290.039 41.8882 0.0794 0.1471 0.0117 19.0460 4.5867 11 2013
290.060 41.9048 290.035 41.8965 0.0882 0.1238 0.0526 16.2048 5.5100 11 2013
290.057 41.9132 290.032 41.9049 0.0925 0.1536 0.0315 16.1944 4.7500 11 2013
290.054 41.9215 290.031 41.9092 0.0843 0.1501 0.0185 18.5766 4.8758 11 2013
290.051 41.9297 290.026 41.9200 0.0883 0.1607 0.0159 21.8805 4.8815 11 2013
290.047 41.9377 290.023 41.9283 0.0958 0.1740 0.0177 17.7923 4.4530 11 2013
290.043 41.9455 290.020 41.9355 0.1048 0.1733 0.0363 24.1307 4.0912 11 2013
290.039 41.9532 290.016 41.9433 0.1022 0.1857 0.0187 27.1791 3.7860 11 2013
290.034 41.9607 290.014 41.9471 0.0949 0.1664 0.0234 26.7553 4.3480 11 2013
290.030 41.9681 290.009 41.9548 0.0945 0.1780 0.0110 22.8548 4.1620 11 2013
290.025 41.9754 290.004 41.9628 0.0955 0.1804 0.0107 16.4414 4.2277 11 2013
290.019 41.9825 289.999 41.9705 0.0877 0.1303 0.0450 18.9459 5.0557 11 2013
290.014 41.9895 289.994 41.9778 0.0934 0.1475 0.0393 34.5394 4.3905 11 2013
290.008 41.9964 289.992 41.9814 0.0968 0.1639 0.0297 34.7176 4.0621 11 2013
290.002 42.0032 289.984 41.9926 0.1114 0.2015 0.0213 27.9485 3.9730 11 2013
289.996 42.0098 289.982 41.9966 0.0992 0.1606 0.0377 15.0657 4.0314 11 2013
289.990 42.0164 289.976 42.0040 0.1020 0.1732 0.0307 23.3344 4.3137 11 2013
289.984 42.0228 289.973 42.0079 0.1074 0.1834 0.0313 28.3397 4.6754 11 2013
289.978 42.0290 289.965 42.0167 0.1259 0.1926 0.0593 37.3055 5.3052 11 2013
289.971 42.0349 289.959 42.0232 0.1211 0.1736 0.0686 46.6871 4.6002 11 2013
289.964 42.0406 289.952 42.0304 0.1179 0.1712 0.0647 44.6478 4.3105 11 2013
289.957 42.0461 289.949 42.0331 0.1200 0.1693 0.0706 43.1952 4.6933 11 2013
289.950 42.0513 289.942 42.0385 0.1164 0.1625 0.0703 36.4519 4.9230 11 2013
289.943 42.0562 289.934 42.0445 0.1291 0.1953 0.0629 25.8907 5.9153 11 2013
289.935 42.0608 289.929 42.0472 0.1260 0.1872 0.0649 21.4942 6.6081 11 2013
289.928 42.0651 289.921 42.0511 0.1027 0.1532 0.0522 17.3329 6.2986 11 2013
289.920 42.0692 289.912 42.0558 0.0948 0.1420 0.0476 9.2694 4.6558 11 2013
289.911 42.0730 289.907 42.0581 0.0983 0.1469 0.0496 9.5789 4.5673 11 2013
289.903 42.0765 289.896 42.0622 0.1103 0.2053 0.0153 9.8826 4.5436 11 2013
289.895 42.0797 289.891 42.0640 0.1079 0.2195 0.0010 10.4283 4.5152 11 2013
289.887 42.0825 289.880 42.0677 0.0822 0.1389 0.0255 13.0136 5.3192 11 2013
289.878 42.0850 289.875 42.0691 0.0893 0.1523 0.0264 13.5312 5.4546 11 2013
289.870 42.0871 289.864 42.0721 0.1021 0.1725 0.0318 13.2896 5.3276 11 2013
289.861 42.0888 289.858 42.0735 0.0945 0.1499 0.0392 12.8274 5.6966 11 2013
289.852 42.0900 289.847 42.0759 0.0935 0.1420 0.0451 12.7451 6.3829 11 2013
289.844 42.0908 289.842 42.0769 0.0980 0.1536 0.0425 11.7419 6.2915 11 2013
289.835 42.0912 289.833 42.0789 0.0862 0.1315 0.0409 11.4844 5.9460 11 2013
289.826 42.0910 289.827 42.0797 0.0863 0.1250 0.0475 12.3584 6.0359 11 2013
289.818 42.0903 289.815 42.0807 0.0850 0.1308 0.0391 13.3043 4.9468 11 2013
289.810 42.0890 289.809 42.0811 0.0781 0.1199 0.0362 12.8493 4.4118 11 2013
289.802 42.0870 289.804 42.0813 0.0680 0.0942 0.0419 12.5381 4.4142 11 2013
289.795 42.0845 289.792 42.0815 0.0614 0.0839 0.0388 12.0892 4.4447 11 2013
289.788 42.0813 289.786 42.0808 0.0636 0.0895 0.0377 12.4253 4.5331 11 2013
289.783 42.0775 289.782 42.0798 0.0588 0.0898 0.0278 12.2401 4.6191 11 2013
289.779 42.0731 289.777 42.0791 0.0461 0.0694 0.0227 10.8759 4.6882 11 2013
289.776 42.0683 289.771 42.0773 0.0461 0.0788 0.0133 10.5559 4.6742 11 2013
289.774 42.0630 289.767 42.0751 0.0529 0.0879 0.0179 10.7437 4.7658 11 2013
289.774 42.0576 289.764 42.0736 0.0545 0.1119 0.0010 10.4533 4.7346 11 2013
289.775 42.0522 289.755 42.0629 0.1060 0.1663 0.0457 5.7717 3.0278 11 2013
289.674 41.7920 289.600 41.7412 0.0673 0.0960 0.0387 11.5302 4.4885 11 2013
289.665 41.7898 289.611 41.7399 0.0735 0.1327 0.0144 9.0769 4.0766 11 2013
289.597 41.7868 289.616 41.7392 0.0663 0.1248 0.0077 7.5485 3.7121 11 2013
289.589 41.7890 289.621 41.7388 0.0641 0.0962 0.0319 6.6490 3.6997 11 2013
289.555 41.8093 289.466 41.8404 0.0857 0.1355 0.0359 4.8098 3.1842 11 2013
289.549 41.8149 289.462 41.8349 0.1186 0.2116 0.0257 17.6904 4.5835 11 2013
289.529 41.8411 289.456 41.8285 0.1368 0.1992 0.0744 35.8679 3.9533 11 2013
289.524 41.8482 289.458 41.8328 0.1403 0.2687 0.0119 24.1785 4.3890 11 2013
289.520 41.8554 289.463 41.8380 0.0892 0.1603 0.0180 9.9349 4.1397 11 2013
289.516 41.8628 289.468 41.8437 0.1028 0.1599 0.0456 6.7812 3.2732 11 2013
289.512 41.8703 289.471 41.8511 0.1648 0.3982 0.0010 6.6198 3.6521 11 2013
289.508 41.8778 289.472 41.8604 0.1702 0.2947 0.0457 10.6827 4.4034 11 2013
289.504 41.8854 289.468 41.8673 0.1647 0.3175 0.0118 9.5294 3.9787 11 2013
289.500 41.8931 289.467 41.8752 0.2549 0.4242 0.0855 16.6378 5.2639 11 2013
289.496 41.9007 289.466 41.8833 0.3034 0.5538 0.0531 37.0509 7.6766 11 2013
289.492 41.9082 289.467 41.8907 0.1888 0.2972 0.0805 14.5802 4.3990 11 2013
289.488 41.9157 289.458 41.8997 0.1273 0.2098 0.0449 15.5598 4.4726 11 2013
289.483 41.9229 289.453 41.9071 0.1770 0.3496 0.0044 20.0168 4.8380 11 2013
289.478 41.9300 289.452 41.9148 0.1981 0.3865 0.0098 25.3670 4.4355 11 2013
289.473 41.9370 289.453 41.9265 0.0628 0.1146 0.0111 6.5399 3.7409 11 2013
289.467 41.9439 289.444 41.9304 0.0568 0.0877 0.0259 5.9662 3.1669 11 2013
289.462 41.9506 289.436 41.9352 0.1026 0.1655 0.0397 10.4974 3.5351 11 2013
289.456 41.9574 289.428 41.9419 0.1838 0.2357 0.1319 10.3065 2.9532 11 2013
289.450 41.9642 289.419 41.9476 0.1619 0.2152 0.1086 10.6526 3.4509 11 2013
289.445 41.9710 289.404 41.9478 0.2015 0.2359 0.1672 19.0707 3.1933 11 2013
289.440 41.9780 289.375 41.9438 0.0880 0.1528 0.0232 4.1395 2.5789 11 2013
289.435 41.9852 289.368 41.9509 0.0723 0.1237 0.0209 3.8989 2.6239 11 2013
289.431 41.9925 289.362 41.9586 0.0885 0.1455 0.0315 3.7965 2.9475 11 2013
289.427 42.0001 289.357 41.9664 0.0640 0.1125 0.0155 4.8416 3.2486 11 2013
289.424 42.0078 289.355 41.9704 0.0443 0.0714 0.0172 5.1124 3.3154 11 2013
289.421 42.0156 289.397 42.0032 0.1122 0.1815 0.0430 4.4873 2.7868 11 2013
289.419 42.0235 289.389 42.0083 0.0913 0.1479 0.0348 4.2813 2.8880 11 2013
289.417 42.0314 289.388 42.0157 0.0917 0.1330 0.0504 5.2558 3.5723 11 2013
289.415 42.0392 289.381 42.0231 0.0882 0.1336 0.0427 4.9899 3.4169 11 2013
289.414 42.0469 289.374 42.0301 0.0597 0.0810 0.0383 4.8859 3.3687 11 2013
289.412 42.0546 289.370 42.0334 0.0569 0.0725 0.0413 4.9307 3.5573 11 2013
289.410 42.0620 289.363 42.0408 0.0587 0.0786 0.0388 5.1654 3.4812 11 2013
289.408 42.0694 289.360 42.0445 0.0636 0.0824 0.0448 5.2389 3.4287 11 2013
289.406 42.0766 289.355 42.0526 0.0674 0.0845 0.0502 5.1410 3.4115 11 2013
289.403 42.0837 289.352 42.0611 0.0906 0.1706 0.0106 4.8431 3.1034 11 2013
289.401 42.0906 289.351 42.0696 0.1254 0.2436 0.0071 4.9502 2.8301 11 2013
289.398 42.0973 289.359 42.0804 0.0874 0.1372 0.0377 4.9306 3.3808 11 2013
289.395 42.1037 289.359 42.0882 0.1096 0.1642 0.0549 4.3082 3.1858 11 2013
289.391 42.1099 289.356 42.0918 0.1802 0.3043 0.0560 4.9663 3.5745 11 2013
289.387 42.1157 289.348 42.0983 0.2035 0.2702 0.1369 6.3477 4.2824 11 2013
289.384 42.1211 289.343 42.1014 0.1086 0.1636 0.0537 4.7206 2.7819 11 2013
289.379 42.1263 289.339 42.1046 0.1049 0.1682 0.0417 4.7042 2.5872 11 2013
289.375 42.1311 289.332 42.1119 0.0940 0.1435 0.0446 5.0318 2.8606 11 2013
289.371 42.1357 289.329 42.1158 0.0945 0.1500 0.0390 5.1976 2.9330 11 2013
289.367 42.1401 289.326 42.1193 0.0824 0.1345 0.0302 5.6878 3.3026 11 2013
289.363 42.1443 289.323 42.1224 0.0655 0.0903 0.0407 6.5895 3.7601 11 2013
289.360 42.1485 289.319 42.1260 0.0625 0.0862 0.0388 6.9327 4.0481 11 2013
289.358 42.1526 289.316 42.1298 0.0603 0.0832 0.0374 6.5357 4.1976 11 2013
289.355 42.1569 289.313 42.1336 0.0634 0.0922 0.0346 5.7826 4.0212 11 2013
289.353 42.1659 289.311 42.1376 0.0727 0.1034 0.0420 4.8938 3.5966 11 2013
289.353 42.1708 289.308 42.1416 0.0818 0.1079 0.0557 4.5862 3.2765 11 2013
289.353 42.1760 289.305 42.1455 0.0856 0.1081 0.0631 4.5627 3.0906 11 2013
289.353 42.1871 289.303 42.1494 0.0817 0.1131 0.0503 4.4830 2.9186 11 2013
289.353 42.1927 289.300 42.1532 0.0801 0.1250 0.0352 4.2753 2.6368 11 2013
289.352 42.1982 289.297 42.1571 0.0862 0.1380 0.0345 4.1681 2.4580 11 2013
289.350 42.2036 289.294 42.1610 0.0990 0.1636 0.0344 4.5394 2.4029 11 2013
289.347 42.2086 289.289 42.1636 0.1412 0.1595 0.1229 4.3038 2.4556 11 2013
289.333 42.2217 289.282 42.1782 0.1068 0.1808 0.0328 3.6240 3.0701 11 2013
289.327 42.2253 289.281 42.1826 0.1082 0.1736 0.0428 4.4549 3.2443 11 2013
289.320 42.2286 289.283 42.1948 0.1323 0.1949 0.0698 6.0830 3.6382 11 2013
289.313 42.2317 289.284 42.2037 0.1592 0.2022 0.1163 4.3770 3.0948 11 2013
289.306 42.2347 289.278 42.2078 0.1535 0.2125 0.0944 4.0414 2.8464 11 2013
289.299 42.2377 289.273 42.2098 0.1712 0.2485 0.0939 4.5262 2.8607 11 2013
289.291 42.2408 289.267 42.2120 0.1910 0.2895 0.0925 4.9925 3.3739 11 2013
289.284 42.2441 289.259 42.2186 0.1493 0.2151 0.0836 4.5128 3.2201 11 2013
289.276 42.2477 289.254 42.2197 0.1470 0.2185 0.0755 4.5322 3.3448 11 2013
289.269 42.2517 289.246 42.2264 0.1511 0.2054 0.0968 5.1683 3.5197 11 2013
289.262 42.2561 289.243 42.2302 0.1814 0.3331 0.0298 5.0322 3.5577 11 2013
289.256 42.2608 289.239 42.2386 0.1572 0.3414 0.0010 4.2918 2.8272 11 2013
289.250 42.2659 289.234 42.2455 0.1194 0.2024 0.0363 3.9502 2.5390 11 2013
289.244 42.2711 289.221 42.2418 0.0973 0.1244 0.0702 3.5787 2.4271 11 2013
289.239 42.2763 289.214 42.2473 0.0702 0.1210 0.0194 3.7543 2.1230 11 2013
289.234 42.2813 289.210 42.2501 0.0521 0.0880 0.0163 3.6854 2.0061 11 2013
289.229 42.2860 289.203 42.2551 0.0554 0.0877 0.0232 4.0455 2.9024 11 2013
289.225 42.2902 289.198 42.2573 0.0729 0.1578 0.0010 4.2854 2.9009 11 2013
289.214 42.3008 289.187 42.2611 0.1058 0.1912 0.0205 4.7051 3.0950 11 2013
289.211 42.3037 289.181 42.2623 0.1241 0.1796 0.0686 5.0861 3.6006 11 2013
289.207 42.3064 289.175 42.2636 0.1266 0.1785 0.0747 7.2907 3.5626 11 2013
289.204 42.3090 289.171 42.2668 0.1189 0.1870 0.0508 9.3463 3.5578 11 2013
289.200 42.3114 289.166 42.2668 0.1070 0.1841 0.0299 8.8100 3.4587 11 2013
289.195 42.3138 289.154 42.2673 0.1112 0.1841 0.0383 4.3611 2.5455 11 2013
289.190 42.3162 289.148 42.2682 0.1165 0.2245 0.0085 4.3128 2.3331 11 2013
289.185 42.3187 289.144 42.2710 0.1028 0.1970 0.0085 4.3467 2.2380 11 2013
289.180 42.3215 289.136 42.2778 0.0715 0.1200 0.0229 4.3572 2.6950 11 2013
289.175 42.3246 289.132 42.2814 0.0573 0.0896 0.0249 4.4909 3.0172 11 2013
289.169 42.3280 289.126 42.2891 0.0513 0.0710 0.0316 4.8332 3.0476 11 2013
289.164 42.3317 289.124 42.2931 0.0582 0.0756 0.0409 4.9106 3.1463 11 2013
289.159 42.3356 289.119 42.3012 0.0821 0.1120 0.0521 4.6957 3.4206 11 2013
289.107 42.3884 289.010 42.4035 0.0411 0.0638 0.0185 4.1684 2.6554 11 2013
289.103 42.4166 289.010 42.4122 0.0504 0.0688 0.0320 4.3146 2.8099 11 2013
289.105 42.4226 289.012 42.4165 0.0463 0.0690 0.0235 4.3288 2.6607 11 2013
289.108 42.4285 289.017 42.4244 0.0365 0.0652 0.0078 4.0423 2.3088 11 2013
289.112 42.4343 289.024 42.4313 0.0833 0.1280 0.0387 3.8238 2.3097 11 2013
289.117 42.4398 289.033 42.4371 0.0985 0.1495 0.0474 4.1276 2.4477 11 2013
289.122 42.4451 289.061 42.4425 0.0333 0.0485 0.0182 4.3584 2.8254 11 2013
289.128 42.4500 289.061 42.4468 0.0398 0.0565 0.0230 4.3248 2.9379 11 2013
289.134 42.4547 289.063 42.4552 0.0544 0.1797 0.0010 4.2284 2.6614 11 2013
289.140 42.4593 289.066 42.4592 0.0958 0.3539 0.0010 4.8556 2.3338 11 2013
289.147 42.4636 289.100 42.4638 0.0884 0.1047 0.0721 3.9014 2.2314 11 2013
289.154 42.4679 289.112 42.4679 0.1390 0.2522 0.0259 5.8522 3.3164 11 2013
289.161 42.4722 289.114 42.4719 0.1501 0.3415 0.0010 5.1842 3.3620 11 2013
289.168 42.4765 289.121 42.4792 0.3343 0.5241 0.1445 5.6549 2.5433 11 2013
289.175 42.4809 289.126 42.4820 0.2545 0.3736 0.1353 5.0769 2.5453 11 2013
289.181 42.4854 289.136 42.4870 0.1580 0.2258 0.0902 5.2308 3.5040 11 2013
289.188 42.4901 289.146 42.4914 0.1253 0.1779 0.0728 4.5863 3.1193 11 2013
289.194 42.4951 289.165 42.4984 0.1205 0.1790 0.0621 6.4524 3.5855 11 2013
289.201 42.5002 289.166 42.5028 0.1225 0.1788 0.0663 6.4905 3.5851 11 2013
289.249 42.5436 289.177 42.5471 0.1296 0.1649 0.0942 5.0517 3.4398 11 2013
289.255 42.5483 289.182 42.5541 0.1424 0.2211 0.0638 4.6000 3.0025 11 2013
289.262 42.5527 289.192 42.5595 0.0902 0.1461 0.0343 6.3726 3.4317 11 2013
289.269 42.5567 289.196 42.5621 0.0672 0.1116 0.0229 5.3390 3.1725 11 2013
289.276 42.5603 289.220 42.5650 0.0712 0.0952 0.0472 3.4088 2.5165 11 2013
289.284 42.5635 289.237 42.5674 0.0578 0.1053 0.0103 7.0139 3.1970 11 2013
289.292 42.5664 289.241 42.5706 0.0561 0.1023 0.0099 7.1312 3.2711 11 2013
289.300 42.5690 289.252 42.5741 0.0768 0.1197 0.0339 14.6742 3.1583 11 2013
289.309 42.5715 289.258 42.5755 0.0898 0.1571 0.0225 8.9732 2.9454 11 2013
289.317 42.5740 289.268 42.5793 0.1123 0.1332 0.0915 3.9878 2.6730 11 2013
289.342 42.5826 289.344 42.5823 0.1453 0.1733 0.1174 4.3306 3.1223 11 2013
289.350 42.5860 289.348 42.5853 0.1458 0.2072 0.0844 4.7038 2.9996 11 2013
289.357 42.5897 289.348 42.5892 0.1194 0.2301 0.0088 4.4417 3.0086 11 2013
289.365 42.5936 289.355 42.5952 0.0998 0.1363 0.0633 4.9975 3.1795 11 2013
289.373 42.5977 289.360 42.5976 0.1356 0.2085 0.0628 5.6925 3.1201 11 2013
289.380 42.6021 289.366 42.6050 0.1259 0.2048 0.0470 5.1946 3.0434 11 2013
289.387 42.6065 289.366 42.6094 0.1292 0.2004 0.0579 6.3037 3.1310 11 2013
289.394 42.6111 289.365 42.6137 0.0801 0.1997 0.0010 6.0164 3.1548 11 2013
289.401 42.6156 289.366 42.6182 0.0433 0.0653 0.0213 5.1069 3.0661 11 2013
289.407 42.6202 289.374 42.6236 0.0485 0.0724 0.0246 5.0033 3.0276 11 2013
289.412 42.6246 289.379 42.6267 0.0926 0.1387 0.0465 4.6769 1.7995 11 2013
289.416 42.6291 289.387 42.6329 0.1080 0.1700 0.0459 4.6476 2.1561 11 2013
289.419 42.6334 289.398 42.6357 0.1284 0.1940 0.0628 4.2502 2.7610 11 2013
289.417 42.6581 289.399 42.6592 0.1789 0.1940 0.1638 8.5747 2.6387 11 2013
289.320 42.6994 289.227 42.7087 0.0676 0.1129 0.0222 5.7005 3.3041 11 2013
289.312 42.7020 289.226 42.7128 0.0848 0.1358 0.0338 6.5368 3.4922 11 2013
289.297 42.7087 289.223 42.7169 0.0952 0.1481 0.0424 7.4317 3.6064 11 2013
289.289 42.7128 289.221 42.7209 0.0915 0.1408 0.0422 7.8373 3.7368 11 2013
289.282 42.7176 289.219 42.7245 0.0770 0.1228 0.0312 7.9822 3.8630 11 2013
289.275 42.7228 289.217 42.7281 0.0721 0.1236 0.0206 7.7573 3.8422 11 2013
289.269 42.7285 289.213 42.7356 0.0835 0.1372 0.0297 7.6693 3.8988 11 2013
289.263 42.7346 289.211 42.7394 0.0768 0.1276 0.0260 7.6088 3.8941 11 2013
289.257 42.7410 289.207 42.7477 0.0788 0.1285 0.0291 7.9830 4.0719 11 2013
289.251 42.7478 289.205 42.7517 0.0711 0.1192 0.0231 8.0517 4.0886 11 2013
289.246 42.7548 289.202 42.7596 0.0561 0.0930 0.0192 7.8352 3.9873 11 2013
289.241 42.7620 289.199 42.7674 0.0659 0.1177 0.0142 7.6462 4.1428 11 2013
289.237 42.7695 289.197 42.7755 0.0642 0.1092 0.0193 7.3195 4.0456 11 2013
289.233 42.7771 289.195 42.7795 0.0573 0.0926 0.0220 7.4923 4.0778 11 2013
289.229 42.7850 289.193 42.7879 0.0644 0.0924 0.0364 7.7147 4.1506 11 2013
289.225 42.7929 289.192 42.7966 0.0867 0.1587 0.0146 6.6445 3.6559 11 2013
289.222 42.8010 289.192 42.8051 0.0844 0.1287 0.0402 7.1182 4.3100 11 2013
289.220 42.8092 289.190 42.8133 0.0996 0.1290 0.0702 6.6803 4.3983 11 2013
289.217 42.8175 289.187 42.8217 0.0845 0.1358 0.0331 6.8567 3.9323 11 2013
289.216 42.8258 289.185 42.8296 0.0878 0.1233 0.0524 6.7221 3.8963 11 2013
289.215 42.8342 289.184 42.8384 0.0731 0.1093 0.0369 5.6581 3.5106 11 2013
289.214 42.8424 289.183 42.8472 0.0784 0.1122 0.0446 5.6260 3.3981 11 2013
289.214 42.8507 289.183 42.8562 0.0942 0.1259 0.0625 5.7512 3.7513 11 2013
289.214 42.8589 289.183 42.8606 0.0970 0.1427 0.0512 5.9552 3.7036 11 2013
289.217 42.8752 289.184 42.8799 0.0643 0.0824 0.0463 6.8505 5.5932 11 2013
289.219 42.8833 289.186 42.8881 0.0560 0.0742 0.0378 5.5187 4.5909 11 2013
289.221 42.8913 289.189 42.8963 0.0484 0.0743 0.0225 5.2001 3.6036 11 2013
289.224 42.8992 289.189 42.9043 0.0303 0.0697 0.0010 4.2950 3.3179 11 2013
289.227 42.9070 289.191 42.9126 0.0285 0.0543 0.0027 4.2347 3.3167 11 2013
289.230 42.9146 289.198 42.9191 0.0817 0.2479 0.0010 3.8349 2.8643 11 2013
289.234 42.9220 289.201 42.9269 0.1584 0.2711 0.0457 3.6598 2.3805 11 2013
289.238 42.9292 289.204 42.9357 0.1704 0.2823 0.0584 3.9301 2.4780 11 2013
289.242 42.9361 289.209 42.9431 0.1376 0.2927 0.0010 4.1879 2.8059 11 2013
289.246 42.9426 289.214 42.9500 0.1119 0.2055 0.0182 5.1473 3.1854 11 2013
289.251 42.9487 289.217 42.9534 0.1141 0.2699 0.0010 4.4251 2.8774 11 2013
289.256 42.9544 289.225 42.9590 0.2004 0.3221 0.0787 6.7255 2.9381 11 2013
289.261 42.9598 289.228 42.9659 0.2183 0.3255 0.1111 5.1811 2.8007 11 2013
289.266 42.9648 289.234 42.9727 0.2133 0.3303 0.0963 4.4394 2.7462 11 2013
289.272 42.9696 289.235 42.9761 0.1510 0.3132 0.0010 4.1547 2.7352 11 2013
289.277 42.9743 289.235 42.9804 0.0929 0.1530 0.0327 4.3899 2.9709 11 2013
289.282 42.9789 289.240 42.9886 0.0669 0.0909 0.0428 4.0229 3.0538 11 2013
289.286 42.9836 289.244 42.9918 0.0732 0.1259 0.0204 3.9132 3.0081 11 2013
289.291 42.9884 289.251 42.9965 0.1500 0.2318 0.0683 4.3310 2.6812 11 2013
289.295 42.9935 289.254 43.0001 0.1679 0.2681 0.0676 4.4534 2.3609 11 2013
289.299 42.9988 289.256 43.0087 0.1604 0.2271 0.0937 4.6429 2.6634 11 2013
289.303 43.0044 289.265 43.0136 0.1296 0.2146 0.0446 4.0033 2.4994 11 2013
289.307 43.0101 289.267 43.0211 0.1064 0.1714 0.0415 5.3376 3.2635 11 2013
289.310 43.0160 289.269 43.0253 0.0871 0.1294 0.0447 5.4717 3.3448 11 2013
289.315 43.0219 289.273 43.0281 0.0956 0.2017 0.0010 4.9753 2.9464 11 2013
289.319 43.0277 289.278 43.0306 0.1401 0.2567 0.0235 4.5005 2.4785 11 2013
289.324 43.0334 289.282 43.0334 0.1474 0.2664 0.0283 4.0993 2.4403 11 2013
289.329 43.0387 289.284 43.0373 0.1496 0.2987 0.0004 3.9750 2.3628 11 2013
289.335 43.0438 289.285 43.0415 0.1449 0.2788 0.0110 3.7978 2.1624 11 2013
289.361 43.0607 289.322 43.0700 0.1407 0.1662 0.1153 4.0067 2.0573  5 2010
289.368 43.0644 289.332 43.0747 0.1479 0.1821 0.1137 4.5830 2.1947  5 2010
289.375 43.0680 289.334 43.0783 0.1408 0.1792 0.1024 4.8703 2.2782  5 2010
