%USGS SPCMSC mean beach slope derived from lidar surveys from 1999 to 2017, dunes from 2017 in LMSL, ver 1 Compiled 7/17/19 
%iso_lon %iso_lat %sl_lon %sl_lat %slope %95_up %95_low  dhigh   dlow month year
279.972 26.9826 279.917 26.9775 0.1338 0.1752 0.0924 6.0172 2.0642  9 2017
279.974 26.9869 279.915 26.9818 0.1312 0.1906 0.0718 6.2248 2.1931  9 2017
279.975 26.9913 279.913 26.9859 0.0586 0.0922 0.0250 8.6036 4.5615  9 2017
279.974 26.9957 279.912 26.9900 0.0534 0.0771 0.0298 7.1041 3.5513  9 2017
279.973 27.0002 279.911 26.9943 0.0467 0.0751 0.0184 5.8184 3.4987  9 2017
279.973 27.0047 279.910 26.9985 0.0723 0.1045 0.0401 5.6563 3.5349  9 2017
279.972 27.0091 279.909 27.0029 0.0448 0.0704 0.0192 4.8224 2.5977  9 2017
279.970 27.0133 279.908 27.0070 0.0693 0.1087 0.0298 5.5012 3.4024  9 2017
279.968 27.0175 279.907 27.0111 0.0552 0.1062 0.0042 5.7581 3.2376  9 2017
279.966 27.0218 279.905 27.0179 0.0599 0.0897 0.0302 6.6375 3.3853  9 2017
279.964 27.0253 279.904 27.0220 0.0599 0.1023 0.0176 4.5729 3.3602  9 2017
279.955 27.0291 279.903 27.0257 0.0861 0.1627 0.0095 4.7630 3.5941  9 2017
279.946 27.0336 279.901 27.0297 0.0863 0.1339 0.0387 4.8795 2.0031  9 2017
279.945 27.0378 279.899 27.0334 0.0775 0.1507 0.0044 5.7384 3.3804  9 2017
279.943 27.0421 279.897 27.0372 0.0657 0.1168 0.0146 5.7671 3.4508  9 2017
279.941 27.0463 279.896 27.0411 0.0857 0.2015 0.0010 6.0443 4.0254  9 2017
279.940 27.0506 279.894 27.0452 0.0676 0.1163 0.0189 5.1115 3.3616  9 2017
279.940 27.0551 279.892 27.0492 0.0734 0.1149 0.0319 6.0734 3.5855  9 2017
279.940 27.0596 279.891 27.0529 0.1139 0.2591 0.0010 6.0634 3.9708  9 2017
279.939 27.0641 279.887 27.0605 0.0799 0.1265 0.0333 6.5139 3.3911  9 2017
279.940 27.0686 279.885 27.0645 0.0724 0.0983 0.0466 6.5752 3.3031  9 2017
279.941 27.0731 279.884 27.0686 0.0971 0.1233 0.0708 4.5046 3.2038  9 2017
279.941 27.0775 279.882 27.0726 0.1004 0.1424 0.0585 4.3224 2.2395  9 2017
279.942 27.0820 279.880 27.0766 0.1067 0.1739 0.0395 4.7102 2.2617  9 2017
279.944 27.0863 279.878 27.0807 0.0993 0.1922 0.0063 4.5723 2.0751  9 2017
279.948 27.0944 279.876 27.0847 0.0909 0.1576 0.0242 4.5084 3.5700  9 2017
279.950 27.0984 279.873 27.0884 0.0850 0.1201 0.0498 4.7370 2.5679  9 2017
279.952 27.1026 279.871 27.0920 0.0671 0.0937 0.0406 4.3583 3.4672  9 2017
279.953 27.1070 279.869 27.0958 0.0670 0.0917 0.0422 4.2409 3.2738  9 2017
279.954 27.1115 279.867 27.0997 0.0951 0.1304 0.0598 3.6741 2.9046  9 2017
279.955 27.1159 279.865 27.1029 0.0873 0.1235 0.0511 3.3766 2.6870  9 2017
279.955 27.1203 279.862 27.1089 0.0642 0.1194 0.0090 3.3885 2.3651  9 2017
279.955 27.1248 279.860 27.1122 0.0749 0.0931 0.0567 4.4505 3.2485  9 2017
279.954 27.1293 279.858 27.1165 0.0689 0.1143 0.0235 4.2476 2.9073  9 2017
279.954 27.1338 279.857 27.1207 0.0659 0.0935 0.0383 4.5857 3.0203  9 2017
279.953 27.1383 279.856 27.1250 0.0605 0.0847 0.0362 3.6541 3.0518  9 2017
279.952 27.1426 279.855 27.1292 0.0608 0.0756 0.0460 3.9109 3.0306  9 2017
279.950 27.1470 279.853 27.1335 0.0859 0.1007 0.0710 3.8435 2.5198  9 2017
279.949 27.1514 279.851 27.1375 0.0853 0.1051 0.0655 3.9283 2.2986  9 2017
279.948 27.1557 279.850 27.1415 0.0844 0.1083 0.0605 3.8607 2.2107  9 2017
279.946 27.1600 279.849 27.1451 0.1143 0.1445 0.0840 3.4474 2.0823  9 2017
279.945 27.1643 279.847 27.1495 0.0894 0.1413 0.0375 3.5666 2.1880  9 2017
279.943 27.1686 279.846 27.1532 0.1024 0.1511 0.0537 3.4486 2.0364  9 2017
279.942 27.1729 279.843 27.1572 0.1367 0.1688 0.1046 2.9053 1.9516  9 2017
279.938 27.1860 279.844 27.1736 0.0816 0.1192 0.0440 4.2813 2.0606  9 2017
279.937 27.1904 279.842 27.1777 0.0836 0.1469 0.0202 4.6172 2.1526  9 2017
279.936 27.1949 279.840 27.1819 0.0955 0.1786 0.0124 4.5378 3.3289  9 2017
279.935 27.1994 279.839 27.1861 0.0654 0.0763 0.0545 4.5087 2.3111  9 2017
279.935 27.2038 279.839 27.1903 0.1068 0.1669 0.0466 4.6885 2.4287  9 2017
279.934 27.2083 279.836 27.1943 0.0991 0.1302 0.0680 4.3980 2.2190  9 2017
279.933 27.2262 279.828 27.2103 0.1040 0.1445 0.0635 5.1774 2.6005  9 2017
279.931 27.2305 279.825 27.2142 0.0667 0.0915 0.0419 4.9366 3.7518  9 2017
279.929 27.2347 279.823 27.2181 0.0817 0.1193 0.0441 5.0660 3.1420  9 2017
279.928 27.2390 279.821 27.2218 0.0915 0.1231 0.0599 4.3839 2.0017  9 2017
279.926 27.2432 279.819 27.2256 0.0902 0.1254 0.0550 4.5487 1.9849  9 2017
279.924 27.2475 279.817 27.2292 0.0941 0.1295 0.0587 4.4035 1.9455  9 2017
279.923 27.2519 279.815 27.2332 0.0898 0.1286 0.0509 4.5799 1.9338  9 2017
279.921 27.2562 279.813 27.2371 0.0851 0.1294 0.0407 4.5653 1.8578  9 2017
279.920 27.2605 279.811 27.2409 0.0874 0.1160 0.0588 4.4698 1.9063  9 2017
279.919 27.2650 279.809 27.2448 0.0810 0.1104 0.0516 4.5581 1.8458  9 2017
279.917 27.2738 279.806 27.2488 0.1012 0.1295 0.0729 4.5448 1.8308  9 2017
279.916 27.2828 279.802 27.2567 0.0831 0.1140 0.0522 4.1157 2.0092  9 2017
279.915 27.2873 279.800 27.2609 0.0949 0.1234 0.0665 4.2177 2.0167  9 2017
279.915 27.2917 279.799 27.2649 0.0923 0.1268 0.0578 4.4220 1.9981  9 2017
279.918 27.3095 279.791 27.2813 0.1074 0.1273 0.0875 4.4476 1.8032  9 2017
279.919 27.3140 279.789 27.2854 0.1205 0.1329 0.1080 4.3245 1.7774  9 2017
279.921 27.3274 279.785 27.2937 0.1179 0.1789 0.0569 4.3855 1.7790  9 2017
279.921 27.3319 279.783 27.2978 0.1103 0.1788 0.0418 4.3137 2.0920  9 2017
279.919 27.3498 279.776 27.3145 0.1051 0.1277 0.0825 4.3787 2.3681  9 2017
279.918 27.3540 279.774 27.3186 0.1004 0.1233 0.0775 4.2280 2.5771  9 2017
279.916 27.3583 279.772 27.3228 0.1114 0.1238 0.0989 4.0836 2.3026  9 2017
279.914 27.3625 279.771 27.3270 0.1374 0.1691 0.1058 3.5979 2.0886  9 2017
279.911 27.3662 279.769 27.3313 0.1053 0.1616 0.0489 3.9120 2.2236  9 2017
279.905 27.3732 279.767 27.3354 0.1222 0.1518 0.0927 4.0332 2.4468  9 2017
279.902 27.3767 279.766 27.3397 0.1190 0.1562 0.0819 3.6666 2.2147  9 2017
279.898 27.3801 279.764 27.3439 0.1205 0.1614 0.0796 4.7378 2.1942  9 2017
279.895 27.3834 279.762 27.3479 0.1214 0.1415 0.1012 4.9006 2.1868  9 2017
279.892 27.3867 279.760 27.3520 0.1288 0.1709 0.0868 4.8976 2.1752  9 2017
279.888 27.3900 279.758 27.3560 0.1051 0.1268 0.0834 3.6638 2.3055  9 2017
279.885 27.3935 279.756 27.3601 0.0868 0.1113 0.0623 3.9487 2.2925  9 2017
279.882 27.3971 279.754 27.3641 0.0866 0.0991 0.0742 4.1425 2.3526  9 2017
279.874 27.4083 279.747 27.3759 0.0779 0.1034 0.0525 3.7870 2.2639  9 2017
279.870 27.4168 279.743 27.3839 0.1057 0.1522 0.0593 3.6481 2.1041  9 2017
279.868 27.4210 279.741 27.3879 0.0784 0.1570 0.0010 4.0831 2.2367  9 2017
279.872 27.4295 279.737 27.3961 0.0589 0.1279 0.0010 3.9101 2.8207  9 2017
279.873 27.4337 279.735 27.4003 0.0633 0.1048 0.0218 3.9372 2.4325  9 2017
279.878 27.4416 279.733 27.4045 0.0658 0.0979 0.0336 3.8462 2.4597  9 2017
279.883 27.4493 279.730 27.4123 0.0471 0.0920 0.0021 3.7115 2.3620  9 2017
279.884 27.4534 279.729 27.4155 0.0596 0.1061 0.0131 3.7284 2.8333  9 2017
279.883 27.4577 279.728 27.4192 0.0549 0.0998 0.0100 3.8582 2.9473  9 2017
279.881 27.4621 279.726 27.4227 0.0711 0.0986 0.0436 3.8990 2.3143  9 2017
279.880 27.4664 279.723 27.4295 0.0732 0.0972 0.0493 4.0370 2.2957  9 2017
279.871 27.4698 279.722 27.4335 0.0850 0.1025 0.0674 4.1114 2.9324  9 2017
279.866 27.4712 279.721 27.4374 0.0669 0.1040 0.0298 4.4859 3.0629  9 2017
279.859 27.4766 279.718 27.4456 0.0678 0.1209 0.0147 4.6092 3.4051  9 2017
279.856 27.4805 279.716 27.4495 0.0765 0.1131 0.0400 4.7242 3.3950  9 2017
279.854 27.4845 279.714 27.4535 0.0740 0.0889 0.0591 4.6354 2.5270  9 2017
279.853 27.4885 279.713 27.4575 0.0778 0.1298 0.0258 4.4588 2.2938  9 2017
279.854 27.4928 279.711 27.4617 0.1007 0.1666 0.0348 4.1462 2.1969  9 2017
279.856 27.4971 279.709 27.4655 0.1039 0.1706 0.0373 4.2060 2.1686  9 2017
279.857 27.5014 279.709 27.4695 0.1000 0.1233 0.0767 3.6894 2.0883  9 2017
279.859 27.5057 279.709 27.4740 0.0909 0.1477 0.0341 3.8764 2.5266  9 2017
279.861 27.5099 279.707 27.4777 0.0782 0.1133 0.0431 3.9445 2.8617  9 2017
279.863 27.5142 279.705 27.4819 0.0662 0.1093 0.0232 3.8758 2.6757  9 2017
279.864 27.5184 279.703 27.4859 0.0644 0.1248 0.0039 3.6759 2.3896  9 2017
279.865 27.5228 279.702 27.4892 0.0674 0.1211 0.0137 3.4611 2.4572  9 2017
279.864 27.5273 279.700 27.4956 0.0711 0.1033 0.0389 3.6401 2.3195  9 2017
279.864 27.5318 279.699 27.4998 0.0793 0.1215 0.0370 3.7734 2.2886  9 2017
279.863 27.5363 279.697 27.5037 0.0625 0.0958 0.0293 3.5239 2.1519  9 2017
279.863 27.5407 279.696 27.5069 0.1021 0.1645 0.0397 3.7217 2.1717  9 2017
279.862 27.5451 279.693 27.5137 0.0754 0.1143 0.0366 3.7372 2.0736  9 2017
279.861 27.5496 279.691 27.5170 0.0966 0.1510 0.0422 3.8944 2.1960  9 2017
279.860 27.5540 279.688 27.5227 0.0921 0.1232 0.0611 4.6528 2.1356  9 2017
279.859 27.5584 279.686 27.5291 0.0629 0.0836 0.0422 3.9196 1.9693  9 2017
279.858 27.5629 279.685 27.5328 0.0711 0.1219 0.0203 3.9855 2.2477  9 2017
279.857 27.5673 279.684 27.5360 0.0832 0.1042 0.0621 3.9756 2.3687  9 2017
279.856 27.5717 279.683 27.5399 0.0722 0.0935 0.0509 3.7841 2.4242  9 2017
279.854 27.5760 279.681 27.5468 0.0486 0.0582 0.0390 3.6677 2.3756  9 2017
279.853 27.5803 279.680 27.5502 0.0542 0.0795 0.0288 4.1452 2.4596  9 2017
279.851 27.5846 279.678 27.5559 0.0656 0.1325 0.0010 4.0299 2.4329  9 2017
279.849 27.5888 279.676 27.5614 0.0515 0.0749 0.0281 3.8578 2.3656  9 2017
279.847 27.5929 279.675 27.5649 0.0442 0.0869 0.0015 4.4929 2.3613  9 2017
279.845 27.5969 279.674 27.5682 0.0393 0.0824 0.0010 3.9747 2.2176  9 2017
279.842 27.6008 279.674 27.5723 0.0369 0.0665 0.0074 3.4007 2.2092  9 2017
279.840 27.6048 279.673 27.5764 0.0656 0.1180 0.0131 3.5206 2.1902  9 2017
279.838 27.6088 279.672 27.5808 0.0833 0.1227 0.0439 3.9458 2.4696  9 2017
279.835 27.6129 279.671 27.5850 0.0976 0.1115 0.0837 3.8559 2.0715  9 2017
279.833 27.6170 279.670 27.5888 0.0981 0.1189 0.0773 3.6857 2.2145  9 2017
279.831 27.6210 279.669 27.5929 0.1121 0.1228 0.1014 3.8059 2.1376  9 2017
279.829 27.6253 279.666 27.6006 0.1139 0.1862 0.0416 3.5884 2.1827  9 2017
279.828 27.6297 279.664 27.6042 0.1003 0.1423 0.0584 4.5051 2.5062  9 2017
279.827 27.6341 279.661 27.6078 0.0949 0.1510 0.0389 4.3322 2.2522  9 2017
279.826 27.6384 279.659 27.6111 0.0743 0.0969 0.0517 3.8931 2.7516  9 2017
279.826 27.6429 279.656 27.6144 0.0465 0.0644 0.0285 3.9429 2.3209  9 2017
279.826 27.6473 279.654 27.6171 0.0327 0.0532 0.0122 4.4917 2.6374  9 2017
279.827 27.6518 279.653 27.6209 0.0418 0.0785 0.0050 4.2699 2.5603  9 2017
279.828 27.6563 279.651 27.6251 0.0375 0.0695 0.0055 4.2307 2.7692  9 2017
279.829 27.6607 279.649 27.6292 0.0278 0.0407 0.0149 3.9138 2.4424  9 2017
279.830 27.6651 279.648 27.6328 0.0342 0.0408 0.0276 4.2336 3.0497  9 2017
279.831 27.6695 279.648 27.6369 0.0521 0.0683 0.0359 4.1745 2.5471  9 2017
279.833 27.6784 279.648 27.6406 0.0777 0.1250 0.0304 3.8112 2.5684  9 2017
279.833 27.6829 279.647 27.6444 0.0820 0.0982 0.0657 4.4897 2.6521  9 2017
279.833 27.6874 279.645 27.6486 0.0925 0.1073 0.0777 4.6419 2.3263  9 2017
279.833 27.6919 279.644 27.6528 0.0920 0.1455 0.0385 4.3453 2.5734  9 2017
279.833 27.7010 279.643 27.6569 0.0964 0.1207 0.0721 5.2135 2.4563  9 2017
279.833 27.7055 279.642 27.6610 0.1009 0.1500 0.0519 4.1952 2.0842  9 2017
279.833 27.7100 279.640 27.6653 0.0813 0.0960 0.0665 4.9136 2.7182  9 2017
279.833 27.7190 279.639 27.6694 0.0904 0.1127 0.0681 5.1532 2.2559  9 2017
279.833 27.7235 279.638 27.6735 0.0841 0.0983 0.0698 5.1277 2.8159  9 2017
279.832 27.7326 279.637 27.6778 0.0977 0.1231 0.0724 5.6127 2.4367  9 2017
279.832 27.7416 279.635 27.6822 0.0992 0.1182 0.0802 5.1974 2.6527  9 2017
279.832 27.7461 279.634 27.6863 0.0881 0.1119 0.0643 5.3318 3.4367  9 2017
279.831 27.7550 279.632 27.6904 0.0894 0.1091 0.0697 5.0808 2.7887  9 2017
279.830 27.7640 279.631 27.6947 0.0966 0.1270 0.0663 5.3537 2.8102  9 2017
279.826 27.7725 279.629 27.6987 0.1020 0.1288 0.0751 5.4724 2.9804  9 2017
279.823 27.7810 279.628 27.7024 0.1062 0.1379 0.0745 5.5738 2.7108  9 2017
279.820 27.7847 279.627 27.7064 0.0772 0.1044 0.0500 4.9980 2.3409  9 2017
279.814 27.7917 279.625 27.7105 0.0860 0.1131 0.0589 5.3477 2.6405  9 2017
279.807 27.7984 279.624 27.7142 0.0838 0.1019 0.0656 4.6220 2.6878  9 2017
279.799 27.8045 279.623 27.7178 0.0874 0.1121 0.0627 4.8669 2.7598  9 2017
279.796 27.8076 279.622 27.7219 0.0916 0.1262 0.0569 4.6377 2.7439  9 2017
279.789 27.8146 279.620 27.7262 0.0884 0.1290 0.0479 4.8065 2.7936  9 2017
279.783 27.8218 279.619 27.7305 0.0959 0.1110 0.0808 4.9135 2.3644  9 2017
279.780 27.8250 279.618 27.7341 0.1242 0.1462 0.1022 4.9684 2.3750  9 2017
279.772 27.8310 279.616 27.7380 0.1302 0.1608 0.0995 5.2052 2.8375  9 2017
279.768 27.8340 279.614 27.7420 0.0954 0.1331 0.0577 6.4687 2.8538  9 2017
279.767 27.8429 279.612 27.7461 0.0999 0.1423 0.0576 4.6307 2.5863  9 2017
279.766 27.8474 279.610 27.7502 0.1087 0.1531 0.0642 5.0787 3.0255  9 2017
279.763 27.8560 279.608 27.7542 0.1025 0.1575 0.0476 5.1549 2.3334  9 2017
279.761 27.8601 279.606 27.7580 0.1170 0.1618 0.0721 5.6706 2.4024  9 2017
279.757 27.8684 279.603 27.7615 0.1101 0.1496 0.0706 5.3832 2.9202  9 2017
279.755 27.8725 279.602 27.7655 0.1208 0.1519 0.0897 5.5032 2.2011  9 2017
279.753 27.8766 279.600 27.7696 0.1110 0.1516 0.0704 4.8509 2.7624  9 2017
279.748 27.8847 279.597 27.7737 0.1102 0.1543 0.0661 5.9544 2.3192  9 2017
279.745 27.8881 279.595 27.7777 0.1045 0.1771 0.0319 5.1753 2.3618  9 2017
279.741 27.8915 279.593 27.7818 0.1030 0.1443 0.0617 4.7456 2.4549  9 2017
279.735 27.8983 279.591 27.7858 0.1116 0.1473 0.0760 4.9996 2.1993  9 2017
279.732 27.9018 279.589 27.7898 0.1174 0.1486 0.0862 4.3733 2.0862  9 2017
279.728 27.9052 279.587 27.7937 0.1236 0.1653 0.0818 4.4085 2.1871  9 2017
279.725 27.9087 279.584 27.7970 0.1080 0.1329 0.0831 3.7780 2.2111  9 2017
279.722 27.9121 279.583 27.7999 0.1179 0.1444 0.0914 4.2458 2.3215  9 2017
279.718 27.9155 279.581 27.8038 0.1067 0.1314 0.0820 3.8632 2.0968  9 2017
279.715 27.9188 279.579 27.8074 0.0754 0.1188 0.0321 3.9203 2.1008  9 2017
279.711 27.9221 279.578 27.8099 0.0982 0.1370 0.0594 3.5357 2.1537  9 2017
279.708 27.9255 279.576 27.8141 0.1056 0.1362 0.0751 3.6247 2.2384  9 2017
279.705 27.9294 279.574 27.8177 0.0950 0.1269 0.0632 3.4441 2.4238  9 2017
279.703 27.9332 279.572 27.8217 0.1008 0.1447 0.0569 4.4747 2.8603  9 2017
279.700 27.9371 279.570 27.8259 0.1307 0.1868 0.0745 4.6066 2.6330  9 2017
279.698 27.9409 279.568 27.8299 0.1098 0.1412 0.0785 4.5249 2.5566  9 2017
279.692 27.9484 279.566 27.8340 0.1022 0.1553 0.0491 4.9983 2.4685  9 2017
279.689 27.9522 279.564 27.8380 0.0931 0.1537 0.0326 4.4737 2.6493  9 2017
279.686 27.9560 279.561 27.8421 0.0990 0.1434 0.0545 4.7801 2.8978  9 2017
279.684 27.9600 279.559 27.8461 0.0859 0.1244 0.0474 5.6525 3.0504  9 2017
279.682 27.9641 279.557 27.8502 0.0840 0.1277 0.0403 5.4533 2.5239  9 2017
279.679 27.9681 279.555 27.8543 0.0736 0.1301 0.0170 4.4657 2.9671  9 2017
279.677 27.9720 279.553 27.8581 0.0557 0.0905 0.0208 4.5863 3.1912  9 2017
279.674 27.9755 279.551 27.8623 0.0839 0.1180 0.0498 5.4191 2.5557  9 2017
279.671 27.9790 279.549 27.8663 0.0909 0.1477 0.0341 5.9508 2.3181  9 2017
279.667 27.9824 279.547 27.8704 0.0927 0.1430 0.0423 5.8937 2.7782  9 2017
279.664 27.9858 279.545 27.8744 0.1051 0.1458 0.0644 5.6725 3.0940  9 2017
279.660 27.9889 279.543 27.8781 0.1152 0.1412 0.0892 5.4495 3.3203  9 2017
279.656 27.9919 279.541 27.8819 0.1153 0.1650 0.0656 6.4619 2.7931  9 2017
279.653 27.9950 279.538 27.8859 0.1084 0.1307 0.0860 6.3359 3.1506  9 2017
279.649 27.9980 279.536 27.8896 0.1079 0.1382 0.0776 6.2186 2.8346  9 2017
279.645 28.0011 279.534 27.8933 0.1302 0.1650 0.0955 5.5805 3.4982  9 2017
279.641 28.0041 279.532 27.8970 0.1140 0.1674 0.0606 6.1302 2.6368  9 2017
279.638 28.0072 279.527 27.9049 0.1151 0.1682 0.0620 5.8179 3.2038  9 2017
279.634 28.0102 279.525 27.9089 0.1200 0.1536 0.0864 5.2522 3.5464  9 2017
279.630 28.0130 279.523 27.9129 0.1203 0.1461 0.0945 5.3714 3.3529  9 2017
279.626 28.0157 279.520 27.9168 0.1175 0.1458 0.0892 5.4433 3.3924  9 2017
279.622 28.0185 279.518 27.9208 0.1110 0.1673 0.0548 5.8320 3.4402  9 2017
279.618 28.0213 279.513 27.9288 0.1026 0.1512 0.0539 5.4381 3.8333  9 2017
279.614 28.0241 279.511 27.9328 0.1072 0.1673 0.0470 5.7918 3.3956  9 2017
279.610 28.0270 279.509 27.9367 0.1047 0.1686 0.0409 6.4558 3.5179  9 2017
279.606 28.0299 279.505 27.9443 0.1273 0.1461 0.1085 5.5968 3.3727  9 2017
279.602 28.0328 279.502 27.9483 0.1093 0.1374 0.0812 5.8003 3.3766  9 2017
279.598 28.0357 279.498 27.9556 0.1080 0.1524 0.0637 6.5426 3.5296  9 2017
279.594 28.0385 279.496 27.9594 0.1068 0.1322 0.0813 6.5401 3.1501  9 2017
279.590 28.0414 279.492 27.9673 0.1237 0.1674 0.0800 6.3915 3.7322  9 2017
279.586 28.0443 279.490 27.9714 0.1200 0.1655 0.0746 5.9613 3.1665  9 2017
279.583 28.0471 279.486 27.9795 0.1229 0.1567 0.0891 6.3845 2.8543  9 2017
279.579 28.0500 279.484 27.9836 0.1268 0.1499 0.1037 6.9079 2.7365  9 2017
279.575 28.0529 279.479 27.9916 0.1198 0.1577 0.0820 6.8127 2.8938  9 2017
279.571 28.0558 279.477 27.9956 0.1198 0.1524 0.0872 6.7227 2.6467  9 2017
279.567 28.0588 279.473 28.0036 0.0982 0.1435 0.0529 5.7167 3.2376  9 2017
279.563 28.0619 279.471 28.0074 0.1006 0.1500 0.0513 5.5693 3.0169  9 2017
279.560 28.0649 279.468 28.0141 0.1279 0.1791 0.0766 5.6840 2.7638  9 2017
279.556 28.0681 279.464 28.0220 0.1136 0.1457 0.0815 6.2666 3.3923  9 2017
279.553 28.0715 279.462 28.0261 0.1163 0.1348 0.0979 5.9097 3.3129  9 2017
279.549 28.0749 279.458 28.0340 0.0977 0.1197 0.0756 5.4917 2.3958  9 2017
279.546 28.0782 279.456 28.0380 0.0981 0.1373 0.0589 5.5378 3.3268  9 2017
279.543 28.0817 279.453 28.0461 0.0977 0.1393 0.0560 5.0480 3.1004  9 2017
279.540 28.0855 279.451 28.0502 0.0894 0.1127 0.0662 6.2428 2.4575  9 2017
279.537 28.0892 279.447 28.0579 0.0739 0.1164 0.0315 5.5284 3.3451  9 2017
279.529 28.1009 279.439 28.0779 0.0647 0.1151 0.0143 5.5178 3.2287  9 2017
279.525 28.1091 279.434 28.0902 0.0625 0.0937 0.0313 5.2598 3.4074  9 2017
279.524 28.1134 279.431 28.0987 0.0707 0.1218 0.0196 5.5853 3.3594  9 2017
279.523 28.1179 279.429 28.1071 0.0792 0.1080 0.0504 4.9622 2.3075  9 2017
279.523 28.1224 279.427 28.1114 0.0833 0.1140 0.0526 5.0079 2.6966  9 2017
279.522 28.1269 279.425 28.1197 0.0810 0.1013 0.0607 5.0685 3.4549  9 2017
279.522 28.1314 279.422 28.1281 0.0790 0.0999 0.0581 5.3106 3.2254  9 2017
279.522 28.1359 279.421 28.1323 0.0862 0.1099 0.0625 5.1995 3.1950  9 2017
279.523 28.1449 279.417 28.1491 0.0902 0.1108 0.0697 4.8233 2.8333  9 2017
279.526 28.1534 279.413 28.1618 0.0891 0.1057 0.0726 4.7811 2.6455  9 2017
279.528 28.1576 279.411 28.1706 0.1042 0.1356 0.0729 5.4262 2.6909  9 2017
279.535 28.1690 279.405 28.1961 0.1124 0.1439 0.0809 4.8373 2.8804  9 2017
279.539 28.1726 279.404 28.2048 0.1100 0.1448 0.0752 4.4105 2.6561  9 2017
279.542 28.1761 279.403 28.2091 0.1221 0.1404 0.1038 4.2904 2.3007  9 2017
279.545 28.1798 279.402 28.2178 0.1055 0.1263 0.0848 4.1448 2.7035  9 2017
279.547 28.1837 279.400 28.2267 0.1159 0.1601 0.0717 4.5629 3.1102  9 2017
279.550 28.1876 279.399 28.2356 0.1015 0.1386 0.0645 4.6239 2.6197  9 2017
279.552 28.1915 279.398 28.2445 0.0979 0.1351 0.0608 5.3897 2.6189  9 2017
279.555 28.1955 279.396 28.2533 0.0853 0.1214 0.0493 5.1874 2.6946  9 2017
279.557 28.1995 279.395 28.2622 0.0803 0.1205 0.0401 5.1258 2.8638  9 2017
279.559 28.2036 279.394 28.2709 0.0593 0.0856 0.0331 3.9583 2.6933  9 2017
279.561 28.2077 279.393 28.2783 0.0510 0.0768 0.0252 5.3991 2.9392  9 2017
279.564 28.2116 279.393 28.2857 0.0521 0.0762 0.0281 3.5968 2.6797  9 2017
279.567 28.2154 279.392 28.2931 0.0426 0.0692 0.0159 4.2981 2.6101  9 2017
279.569 28.2192 279.392 28.2994 0.0444 0.0660 0.0228 4.4734 2.5707  9 2017
279.572 28.2230 279.391 28.3076 0.0422 0.0548 0.0296 4.2197 2.3346  9 2017
279.575 28.2266 279.391 28.3141 0.0369 0.0442 0.0295 4.6944 2.5816  9 2017
279.578 28.2301 279.392 28.3205 0.0491 0.1081 0.0010 3.4039 2.3576  9 2017
279.582 28.2336 279.392 28.3271 0.0330 0.0496 0.0163 3.9947 2.4053  9 2017
279.585 28.2371 279.392 28.3340 0.0337 0.0440 0.0235 4.5196 2.8856  9 2017
279.588 28.2406 279.393 28.3382 0.0356 0.0448 0.0264 4.4042 2.8453  9 2017
279.591 28.2441 279.393 28.3428 0.0389 0.0441 0.0337 4.5974 2.5182  9 2017
279.595 28.2476 279.393 28.3485 0.0566 0.0720 0.0412 4.8613 2.3186  9 2017
279.598 28.2511 279.394 28.3517 0.0477 0.0660 0.0293 4.4554 2.9817  9 2017
279.601 28.2547 279.395 28.3559 0.0466 0.0567 0.0365 4.4287 2.9502  9 2017
279.604 28.2584 279.396 28.3601 0.0487 0.0702 0.0272 4.2001 2.9482  9 2017
279.609 28.2659 279.396 28.3645 0.0510 0.0770 0.0251 4.2753 3.1197  9 2017
279.612 28.2698 279.397 28.3685 0.0461 0.0640 0.0282 4.1402 3.0393  9 2017
279.617 28.2776 279.398 28.3729 0.0565 0.0866 0.0264 4.3359 2.9773  9 2017
279.625 28.2892 279.399 28.3772 0.0411 0.0566 0.0256 3.8388 2.9153  9 2017
279.654 28.3845 279.404 28.3966 0.0406 0.0656 0.0157 3.5724 2.3328  9 2017
279.651 28.3931 279.406 28.4000 0.0313 0.0467 0.0160 3.5612 2.6850  9 2017
279.649 28.3973 279.407 28.4035 0.0300 0.0458 0.0141 3.0482 2.0601  9 2017
279.642 28.4041 279.409 28.4073 0.0198 0.0385 0.0010 3.6166 2.0869  9 2017
279.631 28.4138 279.416 28.4136 0.0484 0.0701 0.0267 3.1799 2.0497  9 2017
279.628 28.4169 279.417 28.4177 0.0545 0.0795 0.0295 4.2960 2.3882  9 2017
279.624 28.4199 279.420 28.4214 0.0553 0.1088 0.0019 3.6914 2.5198  9 2017
279.620 28.4231 279.423 28.4244 0.0397 0.0504 0.0289 3.0823 2.3660  9 2017
279.618 28.4273 279.426 28.4278 0.0535 0.0950 0.0120 2.9858 1.9490  9 2017
279.616 28.4314 279.432 28.4325 0.0390 0.0725 0.0055 2.8723 1.7859  9 2017
279.614 28.4355 279.436 28.4354 0.0450 0.0778 0.0123 2.7744 1.7294  9 2017
279.613 28.4397 279.445 28.4402 0.0426 0.1125 0.0010 2.6934 1.6929  9 2017
279.613 28.4443 279.454 28.4448 0.0620 0.1431 0.0010 3.4000 2.4722  9 2017
279.613 28.4578 279.473 28.4602 0.0517 0.0797 0.0237 3.5093 2.5063  9 2017
279.614 28.4622 279.471 28.4642 0.0459 0.0976 0.0010 4.1123 2.5774  9 2017
279.615 28.4667 279.469 28.4681 0.0822 0.1513 0.0130 3.7910 2.9756  9 2017
279.616 28.4712 279.467 28.4721 0.1243 0.1856 0.0629 3.9055 2.7415  9 2017
279.616 28.4756 279.464 28.4761 0.1365 0.1757 0.0972 3.9362 2.9920  9 2017
279.617 28.4801 279.462 28.4803 0.1274 0.1687 0.0861 3.8534 2.9473  9 2017
279.618 28.4845 279.461 28.4843 0.1249 0.1731 0.0767 3.8075 3.0347  9 2017
279.619 28.4889 279.459 28.4884 0.1117 0.1435 0.0798 3.8545 2.8903  9 2017
279.620 28.4934 279.457 28.4925 0.1103 0.1524 0.0682 4.4492 3.0068  9 2017
279.621 28.4978 279.452 28.5003 0.1145 0.1537 0.0752 3.5234 2.1538  9 2017
279.622 28.5023 279.450 28.5043 0.0954 0.1255 0.0653 3.0551 2.2475  9 2017
279.623 28.5067 279.447 28.5083 0.0953 0.1509 0.0397 3.0856 2.3393  9 2017
279.630 28.5282 279.440 28.5247 0.0970 0.1535 0.0405 4.1458 2.8806  9 2017
279.636 28.5353 279.438 28.5288 0.0906 0.1221 0.0590 5.4860 2.8495  9 2017
279.643 28.5420 279.438 28.5317 0.0820 0.1160 0.0481 5.5881 2.7784  9 2017
279.669 28.5781 279.436 28.5349 0.0694 0.1078 0.0311 4.9157 2.4328  9 2017
279.588 28.6602 279.435 28.5371 0.0634 0.0850 0.0419 4.8804 2.5235  9 2017
279.585 28.6639 279.434 28.5395 0.0554 0.0779 0.0330 3.9505 2.5460  9 2017
279.582 28.6675 279.434 28.5415 0.0555 0.0763 0.0348 4.3919 2.3995  9 2017
279.579 28.6712 279.433 28.5455 0.0629 0.0868 0.0390 4.1182 2.7681  9 2017
279.573 28.6785 279.433 28.5494 0.0640 0.1152 0.0128 3.7187 2.8129  9 2017
279.567 28.6858 279.431 28.5560 0.0752 0.1212 0.0292 4.5406 2.8140  9 2017
279.564 28.6895 279.432 28.5594 0.0768 0.1088 0.0449 3.4463 2.5138  9 2017
279.558 28.6966 279.429 28.5635 0.0768 0.1431 0.0104 4.6778 2.8935  9 2017
279.549 28.7072 279.426 28.5761 0.0648 0.0984 0.0312 5.0673 2.7304  9 2017
279.542 28.7143 279.423 28.5845 0.0456 0.0837 0.0076 5.7060 2.7043  9 2017
279.539 28.7178 279.421 28.5884 0.0651 0.1255 0.0048 4.6876 2.9642  9 2017
279.536 28.7215 279.420 28.5915 0.0735 0.1089 0.0381 4.5429 3.1434  9 2017
279.533 28.7251 279.417 28.5947 0.0789 0.1063 0.0516 4.7913 2.8036  9 2017
279.530 28.7288 279.414 28.5979 0.0805 0.1123 0.0487 4.2063 2.7789  9 2017
279.509 28.7417 279.400 28.6136 0.0619 0.0979 0.0258 4.9861 3.0341  9 2017
279.504 28.7426 279.397 28.6171 0.0568 0.0775 0.0360 4.8463 3.0186  9 2017
279.494 28.7443 279.391 28.6243 0.0771 0.1239 0.0303 3.6498 3.1225  9 2017
279.486 28.7486 279.385 28.6316 0.0871 0.1246 0.0496 4.4953 2.9815  9 2017
279.482 28.7516 279.382 28.6353 0.0810 0.1211 0.0410 4.6034 2.9922  9 2017
279.478 28.7547 279.379 28.6391 0.0917 0.1497 0.0337 4.5850 2.8337  9 2017
279.475 28.7578 279.376 28.6429 0.0916 0.1369 0.0464 4.0735 2.5799  9 2017
279.471 28.7612 279.373 28.6467 0.0845 0.1150 0.0540 4.3496 2.6542  9 2017
279.468 28.7647 279.368 28.6543 0.0953 0.1331 0.0576 7.1809 2.9894  9 2017
279.465 28.7681 279.366 28.6582 0.1139 0.1542 0.0736 6.6240 3.0491  9 2017
279.461 28.7715 279.363 28.6620 0.1247 0.1486 0.1008 7.3323 3.1755  9 2017
279.458 28.7747 279.360 28.6658 0.1393 0.1765 0.1020 6.3292 3.2150  9 2017
279.443 28.7875 279.343 28.6881 0.0938 0.1487 0.0389 3.2932 2.3400  9 2017
279.436 28.7939 279.337 28.6956 0.0973 0.1484 0.0461 3.9602 2.6302  9 2017
279.432 28.7971 279.332 28.7031 0.1090 0.1410 0.0771 3.7799 2.4497  9 2017
279.422 28.8074 279.320 28.7175 0.0999 0.1653 0.0345 3.1233 2.1532  9 2017
279.411 28.8161 279.305 28.7360 0.0915 0.1265 0.0565 3.9925 2.7702  9 2017
279.407 28.8189 279.302 28.7397 0.0916 0.1415 0.0418 3.4217 2.5989  9 2017
279.387 28.8220 279.285 28.7624 0.1213 0.1543 0.0883 4.0865 2.7512  9 2017
279.382 28.8226 279.283 28.7662 0.1213 0.1566 0.0859 4.0960 2.6495  9 2017
279.367 28.8633 279.229 28.8482 0.1121 0.1588 0.0654 6.4127 3.2698  9 2017
279.369 28.8677 279.224 28.8558 0.1103 0.1538 0.0668 6.5739 2.9632  9 2017
279.370 28.8721 279.219 28.8635 0.1074 0.1514 0.0633 6.9423 2.9443  9 2017
279.370 28.8766 279.212 28.8751 0.1177 0.1642 0.0713 6.3952 3.2837  9 2017
279.370 28.8811 279.207 28.8826 0.1214 0.1644 0.0785 6.0708 3.1833  9 2017
279.369 28.8856 279.201 28.8916 0.0986 0.1387 0.0584 6.3148 3.0695  9 2017
279.369 28.8901 279.194 28.9021 0.1114 0.1656 0.0571 6.2206 3.3333  9 2017
279.368 28.8944 279.186 28.9136 0.1017 0.1500 0.0534 6.3491 3.4461  9 2017
279.366 28.8987 279.181 28.9213 0.1030 0.1486 0.0575 5.7436 3.1864  9 2017
279.365 28.9030 279.173 28.9325 0.1051 0.1381 0.0722 5.9904 3.3752  9 2017
279.363 28.9073 279.168 28.9401 0.1132 0.1767 0.0498 5.5473 2.9911  9 2017
279.359 28.9157 279.152 28.9629 0.0907 0.1256 0.0558 5.2017 3.0577  9 2017
279.357 28.9198 279.147 28.9704 0.0600 0.1034 0.0167 3.3491 2.0509  9 2017
279.355 28.9239 279.139 28.9813 0.0541 0.0937 0.0146 5.4716 2.4109  9 2017
279.354 28.9283 279.134 28.9890 0.0514 0.0720 0.0307 5.3123 2.6585  9 2017
279.354 28.9328 279.127 29.0001 0.0430 0.0594 0.0266 4.7142 2.0987  9 2017
279.354 28.9374 279.120 29.0113 0.0449 0.0773 0.0125 4.6551 2.5537  9 2017
279.356 28.9393 279.113 29.0225 0.0384 0.0552 0.0217 4.3508 2.1447  9 2017
279.234 29.1317 279.090 29.0663 0.0462 0.0752 0.0172 5.5662 2.8005  9 2017
279.232 29.1359 279.090 29.0678 0.0379 0.0683 0.0075 4.7078 2.7604  9 2017
279.229 29.1390 279.088 29.0698 0.0351 0.0544 0.0157 4.7379 2.6987  9 2017
279.218 29.1482 279.080 29.0788 0.0317 0.0541 0.0093 5.0645 2.1546  9 2017
279.209 29.1527 279.075 29.0831 0.0350 0.0544 0.0155 4.8707 2.3929  9 2017
279.204 29.1549 279.074 29.0849 0.0329 0.0513 0.0146 5.0300 2.4204  9 2017
279.199 29.1567 279.071 29.0885 0.0388 0.0528 0.0247 5.1207 2.3726  9 2017
279.194 29.1573 279.068 29.0920 0.0431 0.0553 0.0309 5.5233 2.5387  9 2017
279.189 29.1579 279.065 29.0953 0.0403 0.0599 0.0206 5.3611 2.4382  9 2017
279.179 29.1593 279.063 29.0984 0.0412 0.0464 0.0361 4.0590 2.5041  9 2017
279.174 29.1607 279.061 29.1018 0.0311 0.0502 0.0120 5.7619 2.4912  9 2017
279.169 29.1621 279.059 29.1052 0.0445 0.0583 0.0308 5.0803 2.4979  9 2017
279.165 29.1636 279.056 29.1089 0.0380 0.0497 0.0262 4.3216 2.6976  9 2017
279.161 29.1660 279.054 29.1124 0.0346 0.0486 0.0207 4.9086 2.8315  9 2017
279.158 29.1700 279.049 29.1197 0.0385 0.0546 0.0225 7.0735 2.4621  9 2017
279.156 29.1740 279.047 29.1234 0.0452 0.0700 0.0203 7.1935 2.6936  9 2017
279.153 29.1780 279.044 29.1272 0.0480 0.0630 0.0331 6.4226 1.9460  9 2017
279.152 29.1822 279.040 29.1346 0.0491 0.0620 0.0361 7.9454 2.2939  9 2017
279.151 29.1867 279.038 29.1383 0.0380 0.0717 0.0044 5.6615 2.7397  9 2017
279.151 29.1912 279.036 29.1413 0.0425 0.0628 0.0222 5.4469 2.4634  9 2017
279.150 29.1956 279.033 29.1476 0.0395 0.0555 0.0234 6.1682 1.8436  9 2017
279.150 29.2001 279.031 29.1511 0.0397 0.0638 0.0157 6.2184 2.4352  9 2017
279.149 29.2046 279.028 29.1575 0.0433 0.0679 0.0187 5.6438 2.6124  9 2017
279.148 29.2091 279.025 29.1610 0.0429 0.0611 0.0247 5.9176 2.3406  9 2017
279.147 29.2135 279.022 29.1675 0.0460 0.0688 0.0232 6.7322 2.4676  9 2017
279.147 29.2180 279.020 29.1715 0.0560 0.0916 0.0204 7.1753 2.5453  9 2017
279.146 29.2224 279.018 29.1753 0.0508 0.0685 0.0332 7.5388 2.7265  9 2017
279.145 29.2269 279.014 29.1823 0.0407 0.0607 0.0206 4.4829 2.3777  9 2017
279.144 29.2313 279.013 29.1854 0.0460 0.0728 0.0192 5.3111 2.3884  9 2017
279.143 29.2357 279.010 29.1915 0.0384 0.0635 0.0133 4.7194 2.2453  9 2017
279.141 29.2401 279.006 29.1984 0.0432 0.0672 0.0191 5.0136 2.2475  9 2017
279.140 29.2445 279.005 29.2016 0.0395 0.0570 0.0220 4.8563 2.3927  9 2017
279.139 29.2489 279.001 29.2078 0.0401 0.0533 0.0268 5.1245 2.5728  9 2017
279.138 29.2533 279.000 29.2105 0.0341 0.0522 0.0160 3.7487 2.5465  9 2017
279.137 29.2578 278.997 29.2158 0.0431 0.0609 0.0254 5.6551 2.6320  9 2017
279.137 29.2622 278.995 29.2224 0.0393 0.0530 0.0257 5.1371 2.5023  9 2017
279.136 29.2667 278.993 29.2254 0.0351 0.0452 0.0250 3.6744 2.4611  9 2017
279.137 29.2709 278.992 29.2282 0.0357 0.0447 0.0266 3.8039 2.5086  9 2017
279.139 29.2749 278.990 29.2318 0.0373 0.0694 0.0052 4.5304 2.0836  9 2017
279.142 29.2789 278.988 29.2353 0.0413 0.0615 0.0211 5.0591 2.9282  9 2017
279.144 29.2829 278.986 29.2388 0.0464 0.0598 0.0331 5.4090 2.9120  9 2017
279.146 29.2869 278.985 29.2424 0.0370 0.0581 0.0158 3.9025 2.2881  9 2017
279.151 29.2951 278.982 29.2489 0.0413 0.0575 0.0252 4.4311 2.3407  9 2017
279.153 29.2992 278.980 29.2526 0.0467 0.0616 0.0319 6.8598 2.8259  9 2017
279.150 29.3033 278.977 29.2587 0.0500 0.0649 0.0351 5.9253 2.2950  9 2017
279.029 29.2928 278.968 29.2754 0.0433 0.0575 0.0291 4.6655 2.1732  9 2017
279.026 29.2960 278.967 29.2790 0.0480 0.0671 0.0289 5.1299 2.6322  9 2017
279.022 29.2992 278.965 29.2828 0.0478 0.0696 0.0259 6.3731 3.0511  9 2017
279.019 29.3024 278.963 29.2861 0.0503 0.0900 0.0105 3.5649 2.1906  9 2017
279.015 29.3056 278.960 29.2933 0.0638 0.0813 0.0464 6.7391 2.9374  9 2017
279.013 29.3096 278.958 29.2973 0.0678 0.0863 0.0494 6.9156 3.0116  9 2017
279.010 29.3135 278.956 29.3011 0.0665 0.0830 0.0500 6.1886 3.2328  9 2017
279.008 29.3175 278.954 29.3047 0.0625 0.0882 0.0368 6.3773 3.0422  9 2017
279.005 29.3214 278.952 29.3078 0.0632 0.0772 0.0491 5.5784 2.8577  9 2017
279.002 29.3253 278.951 29.3109 0.0571 0.0709 0.0433 6.3919 3.0695  9 2017
279.000 29.3292 278.949 29.3146 0.0614 0.0723 0.0505 5.7356 2.8546  9 2017
278.997 29.3332 278.948 29.3180 0.0608 0.0673 0.0542 5.5519 2.8685  9 2017
278.995 29.3371 278.946 29.3215 0.0621 0.0707 0.0535 5.4447 3.0133  9 2017
278.992 29.3410 278.942 29.3289 0.0589 0.0677 0.0501 4.6362 2.7786  9 2017
278.990 29.3448 278.941 29.3328 0.0935 0.1312 0.0559 4.8641 2.5119  9 2017
278.987 29.3487 278.939 29.3368 0.0697 0.0864 0.0530 4.5864 3.0729  9 2017
278.984 29.3526 278.937 29.3410 0.0786 0.1194 0.0378 4.4523 2.9261  9 2017
278.982 29.3566 278.935 29.3451 0.0806 0.0911 0.0701 4.8975 3.1786  9 2017
278.977 29.3645 278.933 29.3493 0.0869 0.1109 0.0630 5.1517 3.1818  9 2017
278.974 29.3685 278.931 29.3534 0.0834 0.1171 0.0497 5.5225 3.0914  9 2017
278.972 29.3725 278.929 29.3575 0.0989 0.1313 0.0666 5.4252 2.7728  9 2017
278.970 29.3764 278.927 29.3617 0.0946 0.1222 0.0670 5.5270 2.8793  9 2017
278.967 29.3804 278.925 29.3658 0.0977 0.1215 0.0739 5.8035 3.3444  9 2017
278.965 29.3844 278.923 29.3699 0.1030 0.1300 0.0761 6.5151 3.4020  9 2017
278.963 29.3885 278.921 29.3741 0.0848 0.1126 0.0571 6.2724 2.9604  9 2017
278.960 29.3926 278.919 29.3782 0.1012 0.1350 0.0675 7.0136 3.1792  9 2017
278.958 29.3967 278.917 29.3824 0.0874 0.1128 0.0620 6.5411 2.9273  9 2017
278.956 29.4008 278.915 29.3866 0.0918 0.1223 0.0614 7.0102 2.8682  9 2017
278.954 29.4051 278.914 29.3907 0.0997 0.1278 0.0715 6.4983 3.2534  9 2017
278.953 29.4094 278.910 29.3991 0.0950 0.1389 0.0512 5.8359 3.3198  9 2017
278.951 29.4136 278.908 29.4033 0.1101 0.1386 0.0815 5.8982 3.5384  9 2017
278.950 29.4179 278.906 29.4075 0.1068 0.1329 0.0807 6.1668 3.3441  9 2017
278.948 29.4223 278.904 29.4115 0.1025 0.1371 0.0680 5.9640 3.1278  9 2017
