%USGS SPCMSC mean beach slope derived from lidar surveys from 2005 to 2014, dunes from 2013-2014 in LMSL, Version 1.1 Compiled 3/31/17 
%iso_lon %iso_lat %sl_lon %sl_lat %slope %95_up %95_low  dhigh   dlow month year
286.004 39.7670 285.906 39.7899 0.0456 0.0744 0.0171 7.1260 3.8471  1 2014
286.005 39.7727 285.907 39.7979 0.0580 0.0776 0.0171 7.3014 4.0397  1 2014
286.007 39.7781 285.908 39.8023 0.0568 0.0764 0.0373 7.1355 4.0496  1 2014
286.008 39.7833 285.909 39.8105 0.0523 0.0726 0.0321 7.2519 3.9327  1 2014
286.009 39.7881 285.910 39.8145 0.0540 0.0789 0.0292 6.8980 3.8186  1 2014
286.010 39.7926 285.910 39.8187 0.0592 0.0865 0.0318 5.8863 3.5568  1 2014
286.010 39.7968 285.910 39.8268 0.0577 0.0983 0.0171 4.4851 3.1127  1 2014
286.011 39.8007 285.911 39.8305 0.0603 0.1006 0.0200 4.5472 3.1685  1 2014
286.011 39.8043 285.911 39.8337 0.0652 0.1087 0.0218 4.6134 3.2121  1 2014
286.011 39.8078 285.912 39.8371 0.0697 0.1099 0.0295 5.0588 3.3697  1 2014
286.011 39.8112 285.913 39.8426 0.0661 0.1124 0.0198 5.3135 3.4013  1 2014
286.019 39.8225 285.914 39.8567 0.0667 0.1036 0.0298 6.6442 3.8269  1 2014
286.012 39.8200 285.914 39.8527 0.0666 0.0929 0.0403 7.4357 4.0057  1 2014
286.013 39.8272 285.915 39.8597 0.0688 0.1031 0.0345 6.0167 3.7353  1 2014
286.020 39.8318 285.916 39.8672 0.0654 0.0925 0.0384 6.7365 4.0042  1 2014
286.022 39.8367 285.917 39.8712 0.0630 0.0884 0.0376 6.4425 3.9469  1 2014
286.022 39.8383 285.917 39.8755 0.0626 0.0926 0.0326 6.1637 3.9096  1 2014
286.024 39.8449 285.918 39.8820 0.0701 0.1077 0.0325 6.1341 3.8762  1 2014
286.026 39.8515 285.919 39.8906 0.0739 0.1072 0.0406 6.7278 4.0670  1 2014
286.028 39.8578 285.919 39.8945 0.0754 0.1060 0.0448 7.3715 4.3173  1 2014
286.029 39.8641 285.921 39.9030 0.0752 0.1097 0.0407 6.8001 4.2260  1 2014
286.031 39.8701 285.922 39.9114 0.0735 0.0973 0.0498 6.6253 4.0097  1 2014
286.032 39.8760 285.924 39.9158 0.0708 0.0946 0.0469 6.6229 4.0401  1 2014
286.033 39.8817 285.924 39.9202 0.0683 0.0841 0.0525 7.1844 4.3499  1 2014
286.034 39.8874 285.927 39.9289 0.0714 0.0877 0.0550 6.5863 4.4041  1 2014
286.036 39.8930 285.928 39.9333 0.0715 0.0938 0.0491 5.7473 4.1267  1 2014
286.037 39.8985 285.928 39.9377 0.0657 0.0977 0.0337 4.8885 3.9175  1 2014
286.038 39.9041 285.931 39.9459 0.0639 0.1038 0.0240 3.8600 2.7531  1 2014
286.040 39.9096 285.932 39.9538 0.0829 0.1296 0.0363 4.9160 2.8071  1 2014
286.042 39.9151 285.932 39.9582 0.0810 0.1198 0.0423 5.1198 2.9171  1 2014
286.044 39.9206 285.933 39.9627 0.0786 0.1193 0.0378 5.4891 3.1811  1 2014
286.046 39.9267 285.934 39.9716 0.0737 0.1140 0.0333 5.6943 3.4804  1 2014
286.038 39.9238 285.934 39.9671 0.0768 0.1155 0.0380 5.6556 3.3477  1 2014
286.042 39.9363 285.936 39.9804 0.0771 0.1192 0.0350 6.1849 3.8019  1 2014
286.048 39.9417 285.938 39.9885 0.0817 0.1279 0.0354 5.0135 3.4827  1 2014
286.043 39.9410 285.937 39.9846 0.0825 0.1295 0.0354 5.5646 3.5924  1 2014
286.036 39.9369 285.935 39.9760 0.0731 0.1139 0.0324 6.0598 3.7064  1 2014
286.040 39.9524 285.939 39.9929 0.0874 0.1371 0.0378 5.1022 3.5012  1 2014
286.042 39.9572 285.940 39.9972 0.0984 0.1476 0.0492 5.5104 3.3052  1 2014
285.976 40.0000 285.944 40.0144 0.0938 0.1396 0.0479 6.4262 3.0333  1 2014
285.974 39.9916 285.942 40.0060 0.1041 0.1708 0.0374 6.1415 2.8877  1 2014
285.979 40.0094 285.946 40.0229 0.0909 0.1361 0.0456 6.1827 3.1788  1 2014
285.984 40.0150 285.949 40.0313 0.1004 0.1482 0.0527 5.8849 3.0785  1 2014
285.984 40.0199 285.950 40.0357 0.1023 0.1491 0.0555 5.6592 2.9616  1 2014
285.985 40.0248 285.951 40.0400 0.0985 0.1475 0.0495 5.6188 2.8910  1 2014
285.985 40.0298 285.952 40.0444 0.0957 0.1469 0.0446 5.7363 2.8925  1 2014
285.985 40.0348 285.953 40.0488 0.0937 0.1407 0.0466 5.9318 2.9339  1 2014
285.985 40.0398 285.954 40.0532 0.0878 0.1264 0.0492 6.1096 3.0445  1 2014
285.986 40.0448 285.955 40.0576 0.0829 0.1185 0.0474 6.1063 3.1716  1 2014
285.986 40.0499 285.956 40.0620 0.0842 0.1292 0.0391 5.7513 3.1194  1 2014
285.987 40.0551 285.957 40.0663 0.0903 0.1397 0.0409 5.4242 3.0708  1 2014
285.988 40.0602 285.958 40.0707 0.0919 0.1393 0.0445 5.2914 3.1598  1 2014
285.990 40.0654 285.959 40.0792 0.0660 0.0939 0.0380 5.7040 3.3846  1 2014
285.992 40.0706 285.961 40.0833 0.0597 0.0894 0.0300 5.1608 3.2875  1 2014
285.995 40.0758 285.962 40.0874 0.0561 0.0929 0.0192 4.2920 3.1585  1 2014
285.998 40.0809 285.964 40.0955 0.0587 0.1247 0.0010 4.1946 2.8694  1 2014
286.001 40.0859 285.965 40.0988 0.0557 0.1200 0.0010 4.2777 2.9620  1 2014
286.005 40.0908 285.966 40.1070 0.0563 0.0843 0.0282 4.4322 3.2671  1 2014
286.009 40.0957 285.967 40.1113 0.0519 0.0734 0.0304 4.5009 3.3119  1 2014
286.014 40.1004 285.968 40.1197 0.0506 0.0784 0.0228 6.3322 3.4675  1 2014
286.018 40.1051 285.969 40.1239 0.0538 0.0938 0.0138 6.2534 3.3644  1 2014
286.061 40.1578 285.990 40.1876 0.0350 0.0696 0.0004 3.9980 2.8875  1 2014
286.062 40.1642 285.991 40.1920 0.0339 0.0642 0.0037 3.8524 2.6611  1 2014
286.057 40.1679 285.991 40.1959 0.0329 0.0516 0.0143 3.9165 3.0351  1 2014
286.066 40.1733 285.993 40.2026 0.0337 0.0514 0.0161 4.3570 3.1525  1 2014
286.060 40.1794 285.994 40.2062 0.0343 0.0538 0.0149 4.1211 3.1181  1 2014
286.064 40.1829 285.996 40.2098 0.0384 0.0589 0.0179 4.3667 3.3101  1 2014
286.068 40.2023 286.003 40.2275 0.0458 0.0679 0.0236 4.2741 3.1742  1 2014
286.069 40.2050 286.003 40.2313 0.0580 0.0953 0.0207 4.8945 3.0975  1 2014
286.063 40.2154 286.006 40.2393 0.1151 0.3047 0.0010 6.5495 3.0229  1 2014
286.069 40.2216 286.008 40.2477 0.1089 0.3456 0.0010 7.2764 3.4357  1 2014
286.076 40.2265 286.009 40.2520 0.0871 0.1966 0.0010 5.8634 3.2315  1 2014
286.087 40.2312 286.012 40.2602 0.1922 0.3509 0.0335 6.0286 3.6038  1 2014
286.085 40.2343 286.013 40.2643 0.2079 0.3614 0.0544 6.9265 4.0316  1 2014
286.082 40.2404 286.014 40.2682 0.1862 0.3116 0.0608 7.5601 4.3489  1 2014
286.080 40.2464 286.015 40.2726 0.1365 0.2525 0.0205 5.9303 4.1196  1 2014
286.079 40.2493 286.017 40.2767 0.0916 0.2086 0.0010 4.1449 3.2230  1 2014
286.080 40.2550 286.017 40.2800 0.0654 0.1589 0.0010 5.1780 3.2009  1 2014
286.082 40.2578 286.017 40.2832 0.0534 0.1070 0.0010 7.1776 3.3067  1 2014
286.084 40.2609 286.018 40.2871 0.0560 0.1212 0.0010 8.0932 3.3836  1 2014
286.087 40.2640 286.019 40.2914 0.0532 0.1105 0.0010 8.1926 3.5310  1 2014
286.090 40.2673 286.020 40.2952 0.0495 0.0961 0.0028 7.7635 3.6267  1 2014
286.094 40.2707 286.022 40.3023 0.0528 0.0981 0.0074 5.7760 3.7873  1 2014
286.095 40.2742 286.022 40.3059 0.0479 0.0807 0.0152 5.6372 3.6949  1 2014
286.095 40.2800 286.023 40.3103 0.0486 0.1032 0.0010 5.5164 3.5523  1 2014
286.093 40.2824 286.022 40.3136 0.0461 0.0952 0.0010 5.7450 3.5530  1 2014
286.090 40.2873 286.023 40.3176 0.0448 0.0721 0.0175 5.1706 3.3527  1 2014
286.089 40.2899 286.024 40.3216 0.0494 0.0842 0.0146 4.5683 3.2841  1 2014
286.088 40.2954 286.025 40.3255 0.0639 0.1347 0.0010 4.7053 3.3580  1 2014
286.088 40.2985 286.026 40.3297 0.0661 0.1456 0.0010 4.6948 3.3950  1 2014
286.089 40.3017 286.026 40.3338 0.0531 0.0990 0.0072 4.7593 3.4189  1 2014
286.089 40.3051 286.026 40.3382 0.0496 0.0867 0.0125 5.0258 3.4805  1 2014
286.091 40.3086 286.026 40.3427 0.0452 0.0757 0.0148 4.9511 3.4640  1 2014
286.092 40.3123 286.026 40.3471 0.0415 0.0759 0.0070 4.5982 3.3874  1 2014
286.093 40.3161 286.027 40.3508 0.0480 0.1063 0.0010 4.5001 3.4110  1 2014
286.094 40.3200 286.027 40.3551 0.0540 0.1040 0.0040 4.7852 3.4719  1 2014
286.095 40.3279 286.028 40.3657 0.0378 0.0653 0.0102 4.0855 3.2713  1 2014
286.095 40.3319 286.027 40.3711 0.0324 0.0639 0.0010 4.0448 3.0379  1 2014
286.096 40.3360 286.026 40.3748 0.0364 0.0626 0.0103 4.7638 3.1263  1 2014
286.095 40.3400 286.026 40.3793 0.0382 0.0570 0.0195 5.1682 3.1716  1 2014
286.095 40.3439 286.026 40.3837 0.0383 0.0496 0.0270 5.1271 2.9993  1 2014
286.095 40.3479 286.025 40.3882 0.0397 0.0547 0.0247 4.9169 2.8646  1 2014
286.094 40.3519 286.025 40.3961 0.0429 0.1007 0.0010 4.7656 3.3949  1 2014
286.094 40.3599 286.024 40.4040 0.0216 0.0412 0.0020 3.9692 2.7319  1 2014
286.093 40.3641 286.021 40.4112 0.0182 0.0324 0.0039 4.5468 2.8091  1 2014
286.093 40.3685 286.018 40.4180 0.0245 0.0427 0.0062 3.9182 2.7233  1 2014
286.093 40.3731 286.017 40.4256 0.0255 0.0354 0.0156 4.4075 3.0323  1 2014
286.092 40.3780 286.016 40.4295 0.0307 0.0458 0.0156 4.3551 2.8363  1 2014
286.092 40.3831 286.016 40.4376 0.0390 0.0589 0.0192 3.9002 2.7149  1 2014
286.092 40.3886 286.016 40.4441 0.0359 0.0466 0.0252 3.7739 2.6825  1 2014
286.092 40.3943 286.013 40.4543 0.0199 0.0360 0.0038 3.1860 2.3146  1 2014
286.092 40.4003 286.006 40.4656 0.0288 0.0777 0.0010 2.5801 2.2743  1 2014
286.092 40.4066 285.996 40.4804 0.0472 0.1011 0.0010 2.5105 1.9319  1 2014
286.127 40.4429 285.999 40.5719 0.0403 0.0808 0.0010 4.1458 3.3917  1 2014
286.128 40.4477 286.009 40.5715 0.0391 0.0565 0.0217 4.1257 2.8971  1 2014
286.129 40.4526 286.017 40.5727 0.0349 0.0475 0.0223 4.6028 3.9262  1 2014
286.132 40.4574 286.028 40.5740 0.0359 0.0495 0.0223 4.9545 4.1421  1 2014
286.135 40.4623 286.034 40.5746 0.0359 0.0477 0.0241 4.6566 4.0156  1 2014
286.150 40.4764 286.088 40.5557 0.0156 0.0330 0.0010 4.1684 2.4839  1 2014
286.157 40.4810 286.096 40.5575 0.0336 0.0719 0.0010 3.9250 2.6035  1 2014
286.164 40.4855 286.104 40.5582 0.0438 0.0687 0.0189 4.0808 2.7643  1 2014
286.171 40.4899 286.118 40.5620 0.0364 0.0644 0.0084 4.4257 3.1917  1 2014
286.186 40.4981 286.137 40.5677 0.0465 0.0855 0.0074 3.8388 2.7382  1 2014
286.193 40.5019 286.147 40.5712 0.0519 0.1041 0.0010 4.8816 3.0499  1 2014
286.201 40.5053 286.152 40.5732 0.0431 0.0800 0.0061 4.8317 3.0236  1 2014
286.209 40.5085 286.163 40.5769 0.0401 0.0721 0.0081 4.7002 3.0793  1 2014
286.216 40.5113 286.173 40.5800 0.0482 0.0786 0.0179 5.0916 3.1154  1 2014
286.224 40.5136 286.178 40.5815 0.0575 0.0957 0.0193 4.6153 2.8512  1 2014
286.232 40.5155 286.189 40.5842 0.0481 0.1088 0.0010 4.0068 2.6104  1 2014
286.240 40.5168 286.199 40.5864 0.0311 0.0432 0.0189 3.8797 2.9747  1 2014
286.247 40.5176 286.205 40.5873 0.0339 0.0460 0.0217 4.0356 2.8470  1 2014
286.254 40.5179 286.214 40.5895 0.0290 0.0432 0.0149 4.4707 3.2825  1 2014
286.261 40.5175 286.219 40.5908 0.0281 0.0456 0.0106 4.3393 3.3235  1 2014
286.268 40.5166 286.224 40.5915 0.0311 0.0521 0.0102 4.1866 3.2491  1 2014
286.275 40.5153 286.234 40.5915 0.0528 0.1017 0.0039 3.7506 2.2733  1 2014
286.281 40.5135 286.239 40.5918 0.0417 0.0856 0.0010 3.9708 2.4772  1 2014
286.287 40.5114 286.248 40.5852 0.0199 0.0309 0.0090 3.5053 3.2375  1 2014
286.293 40.5090 286.253 40.5863 0.0189 0.0265 0.0113 3.8298 3.3491  1 2014
286.299 40.5065 286.256 40.5871 0.0246 0.0483 0.0009 4.0926 3.1924  1 2014
286.304 40.5039 286.265 40.5866 0.0483 0.1201 0.0010 3.3076 2.6675  1 2014
286.310 40.5014 286.270 40.5861 0.0488 0.1078 0.0010 3.3906 2.7918  1 2014
286.315 40.4988 286.274 40.5860 0.0455 0.1003 0.0010 3.7776 3.1818  1 2014
286.320 40.4963 286.279 40.5858 0.0431 0.0820 0.0041 4.0441 3.2438  1 2014
286.326 40.4939 286.286 40.5845 0.0432 0.0833 0.0030 3.7190 2.8447  1 2014
286.331 40.4915 286.290 40.5847 0.0425 0.0761 0.0088 4.0357 3.1455  1 2014
286.337 40.4892 286.294 40.5842 0.0395 0.0594 0.0197 4.8810 3.4091  1 2014
286.342 40.4867 286.300 40.5838 0.0390 0.0596 0.0183 5.2292 3.4147  1 2014
286.349 40.4842 286.305 40.5838 0.0396 0.0567 0.0226 5.1835 3.3822  1 2014
286.355 40.4816 286.311 40.5837 0.0382 0.0625 0.0139 4.3329 3.0614  1 2014
286.361 40.4787 286.317 40.5838 0.0361 0.0732 0.0010 3.1908 2.5718  1 2014
286.367 40.4758 286.327 40.5839 0.0373 0.0798 0.0010 3.0194 2.3727  1 2014
286.374 40.4727 286.331 40.5839 0.0367 0.0849 0.0010 2.9795 2.3140  1 2014
286.380 40.4696 286.334 40.5838 0.0340 0.0765 0.0010 2.9346 2.3299  1 2014
286.384 40.4692 286.339 40.5835 0.0338 0.0674 0.0001 2.9710 2.3186  1 2014
286.388 40.4704 286.348 40.5830 0.0391 0.0878 0.0010 2.9103 2.3016  1 2014
286.391 40.4737 286.351 40.5832 0.0404 0.0818 0.0010 3.5391 2.5410  1 2014
286.393 40.4770 286.357 40.5833 0.0423 0.0807 0.0040 4.4114 2.7892  1 2014
286.398 40.4836 286.361 40.5836 0.0422 0.0699 0.0145 4.9925 2.8888  1 2014
286.400 40.4869 286.367 40.5849 0.0426 0.0600 0.0251 5.5724 2.9007  1 2014
286.402 40.4902 286.372 40.5854 0.0435 0.0619 0.0251 5.9532 3.0417  1 2014
286.407 40.4963 286.376 40.5861 0.0402 0.0618 0.0186 6.0204 3.1494  1 2014
286.410 40.4989 286.380 40.5870 0.0348 0.0513 0.0184 5.9076 2.9592  1 2014
286.413 40.5012 286.387 40.5869 0.0209 0.0339 0.0079 4.5851 2.7059  1 2014
286.416 40.5030 286.391 40.5880 0.0165 0.0332 0.0010 4.8356 2.7990  1 2014
286.420 40.5045 286.394 40.5872 0.0111 0.0277 0.0010 5.4670 2.6712  1 2014
286.424 40.5055 286.397 40.5878 0.0085 0.0141 0.0030 5.6680 2.5390  1 2014
286.428 40.5062 286.403 40.5863 0.0213 0.0353 0.0072 5.6885 3.1604  1 2014
286.433 40.5064 286.408 40.5868 0.0289 0.0496 0.0083 5.8056 3.2721  1 2014
286.438 40.5063 286.414 40.5869 0.0345 0.0581 0.0110 5.8983 3.2671  1 2014
286.444 40.5059 286.419 40.5861 0.0387 0.0676 0.0099 5.6613 2.9735  1 2014
286.450 40.5053 286.428 40.5766 0.0258 0.0573 0.0010 2.9255 2.0255  1 2014
286.455 40.5044 286.431 40.5774 0.0219 0.0441 0.0010 3.2761 2.1216  1 2014
286.461 40.5036 286.440 40.5804 0.0220 0.0337 0.0103 3.1538 2.2203  1 2014
286.470 40.5008 286.447 40.5823 0.0206 0.0331 0.0081 3.5533 2.1594  1 2014
286.481 40.4990 286.457 40.5852 0.0198 0.0358 0.0039 3.5164 2.1338  1 2014
286.490 40.4989 286.463 40.5866 0.0285 0.0575 0.0010 3.9904 2.1249  1 2014
286.498 40.5017 286.471 40.5893 0.0244 0.0511 0.0010 4.1836 2.2735  1 2014
286.501 40.5021 286.475 40.5901 0.0191 0.0335 0.0047 3.8884 2.2745  1 2014
286.510 40.5026 286.485 40.5927 0.0128 0.0264 0.0010 3.6881 2.1468  1 2014
286.517 40.5027 286.490 40.5931 0.0241 0.0598 0.0010 3.0258 2.2192  1 2014
286.523 40.5012 286.494 40.5946 0.0278 0.0731 0.0010 3.2153 2.2897  1 2014
286.532 40.4988 286.503 40.5960 0.0249 0.0634 0.0010 3.8129 2.4686  1 2014
286.538 40.5000 286.507 40.5970 0.0255 0.0547 0.0010 4.5549 2.6439  1 2014
286.541 40.5011 286.512 40.5969 0.0300 0.0489 0.0111 4.8834 2.7668  1 2014
286.545 40.5023 286.516 40.5979 0.0338 0.0520 0.0156 4.8102 2.8605  1 2014
286.549 40.5033 286.521 40.5991 0.0358 0.0542 0.0175 4.9587 2.9470  1 2014
286.553 40.5043 286.526 40.6001 0.0375 0.0564 0.0187 4.9592 2.8773  1 2014
286.561 40.5060 286.531 40.6010 0.0377 0.0552 0.0202 4.7692 2.8497  1 2014
286.566 40.5066 286.535 40.6019 0.0396 0.0574 0.0218 4.6305 2.9967  1 2014
286.570 40.5071 286.540 40.6030 0.0432 0.0606 0.0258 4.7418 3.1322  1 2014
286.575 40.5073 286.545 40.6039 0.0430 0.0641 0.0219 4.4980 2.9596  1 2014
286.581 40.5075 286.550 40.6053 0.0398 0.0677 0.0119 4.1811 2.6049  1 2014
286.586 40.5075 286.555 40.6063 0.0372 0.0694 0.0051 4.3052 2.5343  1 2014
286.592 40.5075 286.560 40.6074 0.0378 0.0640 0.0116 5.0497 3.0527  1 2014
286.595 40.5067 286.566 40.6083 0.0411 0.0682 0.0140 5.8903 3.4634  1 2014
286.597 40.5189 286.571 40.6095 0.0438 0.0732 0.0145 6.2345 3.5077  1 2014
286.601 40.5285 286.576 40.6105 0.0430 0.0749 0.0112 6.2628 3.5429  1 2014
286.606 40.5322 286.581 40.6118 0.0453 0.0826 0.0080 6.3086 3.5678  1 2014
286.613 40.5355 286.587 40.6134 0.0479 0.0914 0.0045 6.3210 3.5851  1 2014
286.617 40.5371 286.592 40.6147 0.0468 0.0842 0.0094 6.3460 3.5640  1 2014
286.622 40.5387 286.598 40.6163 0.0468 0.0848 0.0087 6.4022 3.4818  1 2014
286.626 40.5404 286.603 40.6177 0.0489 0.0898 0.0079 6.4182 3.4504  1 2014
286.636 40.5439 286.608 40.6190 0.0538 0.0927 0.0148 6.3245 3.4813  1 2014
286.640 40.5456 286.614 40.6203 0.0612 0.1191 0.0033 6.2363 3.5379  1 2014
286.645 40.5472 286.619 40.6221 0.0625 0.1261 0.0010 6.2395 3.5827  1 2014
286.650 40.5488 286.625 40.6238 0.0549 0.0930 0.0167 6.2829 3.6220  1 2014
286.654 40.5503 286.630 40.6254 0.0474 0.0670 0.0278 6.4086 3.7903  1 2014
286.659 40.5517 286.635 40.6270 0.0374 0.0579 0.0168 6.5977 4.2054  1 2014
286.663 40.5531 286.641 40.6287 0.0232 0.0438 0.0026 6.1789 4.1970  1 2014
286.672 40.5559 286.646 40.6296 0.0132 0.0275 0.0010 5.1000 3.2729  1 2014
286.677 40.5574 286.653 40.6298 0.0108 0.0265 0.0010 3.7268 2.1158  1 2014
286.681 40.5591 286.657 40.6303 0.0458 0.0997 0.0010 3.2837 2.2239  1 2014
286.685 40.5609 286.659 40.6320 0.0384 0.0896 0.0010 3.3602 2.1241  1 2014
286.688 40.5628 286.666 40.6326 0.0461 0.0823 0.0099 3.4258 2.1240  1 2014
286.692 40.5647 286.670 40.6338 0.0596 0.1207 0.0010 4.2410 2.3643  1 2014
286.696 40.5666 286.675 40.6346 0.0605 0.1408 0.0010 4.3469 2.3609  1 2014
286.700 40.5684 286.678 40.6352 0.0588 0.1396 0.0010 3.4924 1.9482  1 2014
286.704 40.5700 286.685 40.6254 0.0348 0.1311 0.0010 2.1766 2.1050  1 2014
286.708 40.5715 286.689 40.6255 0.0168 0.0443 0.0010 3.2969 2.2345  1 2014
286.712 40.5728 286.697 40.6213 0.0531 0.0861 0.0202 5.3614 3.2700  1 2014
286.716 40.5740 286.703 40.6213 0.0508 0.0766 0.0251 5.5094 3.5183  1 2014
286.725 40.5760 286.709 40.6213 0.0455 0.0687 0.0224 5.4499 3.6085  1 2014
286.728 40.5768 286.714 40.6214 0.0431 0.0656 0.0205 5.3850 3.5944  1 2014
286.735 40.5785 286.720 40.6217 0.0409 0.0604 0.0213 5.4012 3.4983  1 2014
286.739 40.5795 286.724 40.6220 0.0436 0.0666 0.0206 5.8564 3.4296  1 2014
286.742 40.5804 286.730 40.6227 0.0507 0.0827 0.0187 6.4221 3.5864  1 2014
286.748 40.5825 286.735 40.6226 0.0663 0.1253 0.0072 6.6278 3.9588  1 2014
286.754 40.5845 286.741 40.6231 0.0728 0.1443 0.0013 5.9054 3.6677  1 2014
286.757 40.5854 286.746 40.6239 0.0605 0.1199 0.0011 5.0452 3.2175  1 2014
286.764 40.5872 286.751 40.6247 0.0535 0.0953 0.0118 5.3386 3.4511  1 2014
286.768 40.5881 286.757 40.6255 0.0623 0.1172 0.0075 5.8982 3.4085  1 2014
286.776 40.5902 286.762 40.6264 0.0678 0.1220 0.0136 6.0333 2.7801  1 2014
286.780 40.5913 286.767 40.6278 0.0670 0.1208 0.0132 5.9551 2.3498  1 2014
286.784 40.5925 286.770 40.6280 0.0635 0.1313 0.0010 5.4304 2.1311  1 2014
286.788 40.5937 286.776 40.6289 0.0571 0.1267 0.0010 4.2652 1.9445  1 2014
286.793 40.5948 286.779 40.6297 0.0508 0.1180 0.0010 2.9648 1.9012  1 2014
286.798 40.5960 286.786 40.6316 0.0361 0.0675 0.0048 3.5473 2.3412  1 2014
286.803 40.5972 286.791 40.6320 0.0369 0.0593 0.0144 4.1294 2.7942  1 2014
286.808 40.5983 286.796 40.6332 0.0386 0.0553 0.0219 4.3056 2.9034  1 2014
286.814 40.5994 286.802 40.6346 0.0422 0.0631 0.0213 4.3811 2.8327  1 2014
286.820 40.6005 286.807 40.6359 0.0475 0.0748 0.0202 4.6815 2.9187  1 2014
286.826 40.6015 286.812 40.6372 0.0513 0.0797 0.0228 4.5564 2.8552  1 2014
286.832 40.6024 286.818 40.6384 0.0550 0.0986 0.0114 4.1046 2.6064  1 2014
286.839 40.6032 286.829 40.6410 0.0465 0.0693 0.0236 3.8856 2.5208  1 2014
286.845 40.6039 286.834 40.6424 0.0440 0.0703 0.0177 3.4896 2.3547  1 2014
286.851 40.6046 286.839 40.6433 0.0476 0.0772 0.0180 3.5219 2.3493  1 2014
286.857 40.6052 286.844 40.6439 0.0565 0.0843 0.0287 4.5049 2.8642  1 2014
286.863 40.6058 286.849 40.6450 0.0562 0.0818 0.0306 5.1920 3.0692  1 2014
286.869 40.6064 286.855 40.6462 0.0536 0.0763 0.0309 4.4903 2.6822  1 2014
286.874 40.6069 286.860 40.6473 0.0544 0.0791 0.0297 3.7099 2.3762  1 2014
286.880 40.6073 286.866 40.6487 0.0539 0.0924 0.0153 4.0858 2.4623  1 2014
286.885 40.6078 286.871 40.6501 0.0492 0.0905 0.0079 4.7670 2.5641  1 2014
286.890 40.6082 286.877 40.6514 0.0474 0.0795 0.0152 5.0289 2.7882  1 2014
286.896 40.6086 286.882 40.6528 0.0504 0.0833 0.0176 5.2383 3.2883  1 2014
286.901 40.6090 286.888 40.6539 0.0580 0.0896 0.0265 5.6230 3.7019  1 2014
286.907 40.6095 286.894 40.6550 0.0654 0.1038 0.0270 5.6610 3.7068  1 2014
286.912 40.6101 286.899 40.6563 0.0626 0.1076 0.0175 5.5184 3.4542  1 2014
286.921 40.6117 286.905 40.6576 0.0567 0.0938 0.0196 5.5048 3.1062  1 2014
286.925 40.6128 286.910 40.6587 0.0547 0.0839 0.0255 5.4685 2.8593  1 2014
286.930 40.6152 286.916 40.6599 0.0530 0.0749 0.0311 5.6848 2.9909  1 2014
286.934 40.6182 286.921 40.6613 0.0548 0.0880 0.0216 5.3597 2.9672  1 2014
286.938 40.6231 286.927 40.6625 0.0557 0.0947 0.0167 4.3827 2.5410  1 2014
286.942 40.6262 286.932 40.6639 0.0558 0.0955 0.0162 3.8210 2.3113  1 2014
286.950 40.6290 286.937 40.6652 0.0554 0.1074 0.0035 3.9904 2.3429  1 2014
286.954 40.6304 286.943 40.6666 0.0559 0.1300 0.0010 4.5614 2.6983  1 2014
286.960 40.6317 286.948 40.6682 0.0594 0.1140 0.0048 5.6503 3.3144  1 2014
286.967 40.6332 286.953 40.6698 0.0640 0.1121 0.0159 6.4998 3.4586  1 2014
286.974 40.6348 286.959 40.6717 0.0626 0.1107 0.0145 6.1530 3.3532  1 2014
286.981 40.6365 286.969 40.6747 0.0529 0.0882 0.0176 4.9666 3.0472  1 2014
286.988 40.6386 286.974 40.6764 0.0539 0.0995 0.0082 4.9012 3.0877  1 2014
286.995 40.6409 286.984 40.6795 0.0646 0.1105 0.0188 5.1333 3.2904  1 2014
287.003 40.6435 286.990 40.6814 0.0672 0.1144 0.0200 4.2466 2.8010  1 2014
287.010 40.6463 286.995 40.6831 0.0644 0.1043 0.0246 4.0540 2.6112  1 2014
287.017 40.6493 287.005 40.6871 0.0575 0.1140 0.0009 4.5294 2.9186  1 2014
287.024 40.6525 287.010 40.6890 0.0624 0.1154 0.0095 5.4849 3.5232  1 2014
287.031 40.6559 287.020 40.6927 0.0659 0.0951 0.0367 6.8741 4.2231  1 2014
287.037 40.6593 287.025 40.6947 0.0717 0.1234 0.0200 7.2926 4.3520  1 2014
287.044 40.6627 287.031 40.6968 0.0746 0.1371 0.0121 7.3276 4.4103  1 2014
287.051 40.6662 287.040 40.7007 0.0606 0.0957 0.0255 6.8079 3.9911  1 2014
287.058 40.6696 287.046 40.7026 0.0595 0.0905 0.0284 6.9037 3.9446  1 2014
287.066 40.6730 287.055 40.7061 0.0584 0.1074 0.0093 6.0348 4.0578  1 2014
287.073 40.6764 287.061 40.7080 0.0544 0.0843 0.0245 6.2457 4.1388  1 2014
287.080 40.6796 287.071 40.7118 0.0635 0.0990 0.0279 6.5430 4.2439  1 2014
287.087 40.6828 287.077 40.7137 0.0616 0.1030 0.0203 5.5993 3.9266  1 2014
287.095 40.6859 287.087 40.7171 0.0565 0.0952 0.0179 5.1034 2.5427  1 2014
287.102 40.6890 287.092 40.7191 0.0588 0.0960 0.0216 5.0299 2.5223  1 2014
287.110 40.6920 287.100 40.7231 0.0419 0.0702 0.0135 2.6685 2.2148  1 2014
287.117 40.6949 287.109 40.7250 0.0322 0.0625 0.0019 2.3545 1.8155  1 2014
287.125 40.6978 287.116 40.7267 0.0444 0.0915 0.0010 2.6463 2.2770  1 2014
287.133 40.7007 287.124 40.7289 0.0675 0.1248 0.0102 4.3017 2.8735  1 2014
287.140 40.7036 287.133 40.7327 0.0580 0.1037 0.0124 4.9568 2.7347  1 2014
287.148 40.7064 287.137 40.7336 0.0614 0.1041 0.0187 5.5053 3.3581  1 2014
287.156 40.7092 287.147 40.7369 0.0694 0.1162 0.0227 6.0207 3.6473  1 2014
287.164 40.7120 287.156 40.7397 0.0546 0.0996 0.0095 5.2028 3.0021  1 2014
287.172 40.7148 287.161 40.7411 0.0485 0.0897 0.0073 4.6353 2.8139  1 2014
287.180 40.7176 287.171 40.7440 0.0428 0.0831 0.0025 3.6212 2.3822  1 2014
287.188 40.7203 287.181 40.7472 0.0462 0.0768 0.0155 4.2498 2.7592  1 2014
287.196 40.7230 287.186 40.7489 0.0506 0.0852 0.0160 3.9146 2.7313  1 2014
287.204 40.7257 287.197 40.7518 0.0601 0.1058 0.0144 3.9761 2.8072  1 2014
287.212 40.7284 287.202 40.7535 0.0613 0.1067 0.0158 3.7926 2.6760  1 2014
287.221 40.7309 287.213 40.7565 0.0581 0.0861 0.0301 6.2393 3.6220  1 2014
287.229 40.7335 287.222 40.7588 0.0371 0.0596 0.0146 5.8003 3.2316  1 2014
287.238 40.7359 287.229 40.7594 0.0550 0.1011 0.0088 5.2787 3.6773  1 2014
287.246 40.7383 287.240 40.7635 0.0563 0.0968 0.0157 6.1613 3.9088  1 2014
287.255 40.7407 287.245 40.7645 0.0599 0.1090 0.0109 4.9527 3.3250  1 2014
287.263 40.7430 287.255 40.7675 0.0591 0.0956 0.0227 4.5378 3.0806  1 2014
287.271 40.7452 287.264 40.7699 0.0590 0.0847 0.0334 5.7214 3.5077  1 2014
287.280 40.7475 287.270 40.7713 0.0515 0.0729 0.0302 5.6623 3.4018  1 2014
287.288 40.7496 287.280 40.7743 0.0454 0.0613 0.0295 5.4675 3.3091  1 2014
287.297 40.7518 287.286 40.7757 0.0489 0.0709 0.0270 5.3444 3.3369  1 2014
287.305 40.7539 287.297 40.7786 0.0407 0.0657 0.0157 5.2388 3.2892  1 2014
287.314 40.7561 287.308 40.7813 0.0597 0.0877 0.0317 6.1657 3.5485  1 2014
287.323 40.7582 287.313 40.7824 0.0550 0.0795 0.0305 6.2887 3.6011  1 2014
287.331 40.7604 287.322 40.7850 0.0521 0.0814 0.0227 6.0828 3.6649  1 2014
287.340 40.7625 287.331 40.7874 0.0525 0.0934 0.0116 5.6729 3.6059  1 2014
287.349 40.7647 287.339 40.7894 0.0657 0.0867 0.0448 6.0259 3.7156  1 2014
287.357 40.7668 287.349 40.7920 0.0539 0.0804 0.0274 6.0438 3.6141  1 2014
287.366 40.7690 287.358 40.7947 0.0557 0.0798 0.0317 6.1013 3.6003  1 2014
287.375 40.7711 287.368 40.7968 0.0681 0.0877 0.0485 6.1283 3.8200  1 2014
287.383 40.7732 287.372 40.7990 0.0661 0.0986 0.0336 6.2879 3.7519  1 2014
287.392 40.7753 287.383 40.8013 0.0522 0.0704 0.0340 6.0434 3.7332  1 2014
287.401 40.7774 287.393 40.8047 0.0629 0.1019 0.0238 7.0009 3.8856  1 2014
287.409 40.7795 287.398 40.8060 0.0653 0.0991 0.0314 7.3025 3.8859  1 2014
287.417 40.7816 287.409 40.8092 0.0682 0.1028 0.0335 7.2127 3.6082  1 2014
287.426 40.7837 287.415 40.8107 0.0793 0.1246 0.0340 6.7992 3.1833  1 2014
287.434 40.7858 287.426 40.8138 0.0596 0.0885 0.0308 6.2972 3.3083  1 2014
287.442 40.7879 287.431 40.8153 0.0578 0.0906 0.0250 6.8346 3.4389  1 2014
287.450 40.7901 287.442 40.8182 0.0552 0.0808 0.0295 5.8284 3.5033  1 2014
287.457 40.7923 287.447 40.8198 0.0497 0.0711 0.0282 5.4758 3.4696  1 2014
287.465 40.7946 287.458 40.8229 0.0507 0.0780 0.0234 4.9613 3.2271  1 2014
287.472 40.7970 287.463 40.8245 0.0549 0.0920 0.0178 5.1344 3.1963  1 2014
287.479 40.7994 287.468 40.8261 0.0597 0.0955 0.0238 5.0932 3.1321  1 2014
287.486 40.8018 287.476 40.8288 0.0466 0.0742 0.0189 4.3102 2.9547  1 2014
287.493 40.8043 287.486 40.8315 0.0548 0.0959 0.0137 6.9931 3.6134  1 2014
287.500 40.8055 287.492 40.8331 0.0521 0.0866 0.0177 7.1256 3.6184  1 2014
287.507 40.8078 287.497 40.8347 0.0497 0.0898 0.0096 6.6718 3.5218  1 2014
287.515 40.8102 287.506 40.8364 0.0432 0.0747 0.0116 5.8391 3.6299  1 2014
287.522 40.8125 287.516 40.8403 0.0327 0.0424 0.0230 5.4249 3.4042  1 2014
287.530 40.8148 287.521 40.8415 0.0341 0.0417 0.0265 5.0383 3.3613  1 2014
287.537 40.8170 287.529 40.8415 0.0507 0.0797 0.0216 5.9429 4.0099  1 2014
287.545 40.8192 287.537 40.8444 0.0516 0.0865 0.0168 5.5683 3.5054  1 2014
287.552 40.8214 287.545 40.8477 0.0549 0.0935 0.0163 5.6059 3.5408  1 2014
287.559 40.8235 287.550 40.8493 0.0509 0.0723 0.0295 6.0836 3.5273  1 2014
287.567 40.8257 287.560 40.8530 0.0486 0.0791 0.0182 6.6617 3.5936  1 2014
287.574 40.8279 287.565 40.8542 0.0541 0.0846 0.0236 6.8550 3.6269  1 2014
287.582 40.8301 287.575 40.8573 0.0543 0.0771 0.0316 6.7857 3.5937  1 2014
287.589 40.8325 287.579 40.8591 0.0506 0.0731 0.0282 6.8495 3.5872  1 2014
287.597 40.8349 287.590 40.8625 0.0529 0.0792 0.0266 6.2551 3.7724  1 2014
287.605 40.8374 287.595 40.8641 0.0541 0.0831 0.0251 6.1501 3.5487  1 2014
287.613 40.8399 287.605 40.8676 0.0546 0.0815 0.0277 6.2270 3.7055  1 2014
287.621 40.8426 287.610 40.8694 0.0635 0.0923 0.0347 6.0140 3.5722  1 2014
287.629 40.8454 287.621 40.8733 0.0598 0.0872 0.0323 5.9949 3.8160  1 2014
287.637 40.8482 287.626 40.8751 0.0665 0.1063 0.0267 6.0996 3.6320  1 2014
287.645 40.8511 287.636 40.8787 0.0650 0.0964 0.0336 5.9681 3.5248  1 2014
287.653 40.8540 287.646 40.8826 0.0674 0.1012 0.0336 6.4848 3.4617  1 2014
287.661 40.8570 287.651 40.8844 0.0591 0.0832 0.0350 6.6338 3.7215  1 2014
287.669 40.8600 287.661 40.8882 0.0598 0.0900 0.0295 7.0389 3.5422  1 2014
287.677 40.8630 287.667 40.8901 0.0632 0.1009 0.0256 6.2497 3.3358  1 2014
287.685 40.8660 287.678 40.8946 0.0511 0.0853 0.0169 5.6688 3.3110  1 2014
287.693 40.8691 287.684 40.8966 0.0603 0.1050 0.0155 5.6614 3.4343  1 2014
287.701 40.8722 287.694 40.9007 0.0548 0.0822 0.0274 5.5963 3.5418  1 2014
287.709 40.8753 287.699 40.9027 0.0542 0.0865 0.0219 5.9397 3.3949  1 2014
287.717 40.8783 287.710 40.9067 0.0610 0.1153 0.0067 4.7370 3.1273  1 2014
287.725 40.8814 287.717 40.9095 0.0626 0.1022 0.0230 5.6189 3.5288  1 2014
287.733 40.8844 287.722 40.9115 0.0629 0.1022 0.0235 6.2697 3.5277  1 2014
287.741 40.8874 287.733 40.9157 0.0601 0.1079 0.0123 5.9636 3.3125  1 2014
287.750 40.8904 287.738 40.9178 0.0606 0.1039 0.0172 5.8688 3.3680  1 2014
287.757 40.8934 287.748 40.9220 0.0523 0.0945 0.0101 5.4464 3.3621  1 2014
287.765 40.8962 287.759 40.9262 0.0606 0.0914 0.0298 5.1059 3.1328  1 2014
287.773 40.8991 287.764 40.9281 0.0617 0.0930 0.0304 5.0837 3.0671  1 2014
287.781 40.9019 287.774 40.9315 0.0601 0.0980 0.0221 5.6030 3.1184  1 2014
287.789 40.9046 287.779 40.9330 0.0675 0.1050 0.0300 6.7191 3.4659  1 2014
287.797 40.9072 287.787 40.9365 0.0916 0.1433 0.0399 6.6523 3.5033  1 2014
287.805 40.9098 287.797 40.9403 0.0803 0.1143 0.0463 7.4718 4.1856  1 2014
287.812 40.9123 287.803 40.9420 0.0702 0.1030 0.0374 6.6192 4.0967  1 2014
287.820 40.9147 287.813 40.9458 0.0843 0.1240 0.0446 6.9838 4.2127  1 2014
287.827 40.9171 287.818 40.9477 0.0913 0.1339 0.0487 7.0463 4.1337  1 2014
287.835 40.9195 287.829 40.9515 0.0795 0.1007 0.0582 6.2903 3.9315  1 2014
287.842 40.9218 287.834 40.9534 0.0819 0.1035 0.0603 6.4080 4.0550  1 2014
287.850 40.9241 287.839 40.9552 0.0845 0.1061 0.0629 6.2566 4.0350  1 2014
287.857 40.9264 287.850 40.9590 0.0812 0.1125 0.0499 6.1360 3.9082  1 2014
287.865 40.9287 287.855 40.9610 0.0788 0.1101 0.0476 6.5761 3.9187  1 2014
287.872 40.9311 287.864 40.9648 0.0805 0.1109 0.0500 6.9210 4.0686  1 2014
287.879 40.9336 287.870 40.9669 0.0746 0.1043 0.0449 6.8395 4.0492  1 2014
287.886 40.9361 287.880 40.9706 0.0819 0.1124 0.0514 6.8385 4.1634  1 2014
287.894 40.9386 287.885 40.9725 0.0821 0.1077 0.0566 6.9647 4.0854  1 2014
287.901 40.9412 287.890 40.9741 0.0775 0.0997 0.0552 6.7712 3.8808  1 2014
287.908 40.9439 287.901 40.9775 0.0839 0.1222 0.0455 6.9131 3.8108  1 2014
287.916 40.9466 287.906 40.9791 0.0846 0.1166 0.0527 7.3319 3.8055  1 2014
287.923 40.9493 287.915 40.9822 0.0731 0.1022 0.0441 7.9414 3.9562  1 2014
287.931 40.9522 287.925 40.9850 0.0733 0.1269 0.0197 7.1850 3.8872  1 2014
287.939 40.9550 287.934 40.9881 0.0666 0.1064 0.0269 7.3944 3.9597  1 2014
287.946 40.9580 287.939 40.9899 0.0749 0.1096 0.0401 7.1880 4.2753  1 2014
287.954 40.9609 287.949 40.9934 0.0816 0.1160 0.0471 6.3660 4.1195  1 2014
287.962 40.9640 287.954 40.9947 0.0765 0.1152 0.0379 6.7936 4.2372  1 2014
287.970 40.9670 287.964 40.9983 0.0831 0.1171 0.0491 6.2909 4.1357  1 2014
287.978 40.9700 287.974 41.0020 0.0776 0.1073 0.0478 6.6983 4.0684  1 2014
287.986 40.9729 287.979 41.0039 0.0784 0.1140 0.0427 6.9556 4.0917  1 2014
287.994 40.9757 287.989 41.0078 0.0870 0.1301 0.0439 6.9088 4.3038  1 2014
288.001 40.9784 287.994 41.0098 0.0855 0.1346 0.0364 6.6016 4.2261  1 2014
288.009 40.9807 288.005 41.0138 0.0892 0.1305 0.0478 5.9190 4.2111  1 2014
288.017 40.9828 288.010 41.0157 0.0923 0.1338 0.0508 7.2544 4.0801  1 2014
288.047 40.9890 288.040 41.0270 0.0820 0.1303 0.0337 7.1869 3.7748  1 2014
288.055 40.9904 288.050 41.0305 0.0795 0.1247 0.0343 6.4488 3.7544  1 2014
288.062 40.9919 288.055 41.0319 0.0712 0.1069 0.0355 5.7784 3.4905  1 2014
288.069 40.9936 288.065 41.0350 0.0888 0.1539 0.0238 10.0662 3.8109  1 2014
288.083 40.9983 288.080 41.0386 0.0974 0.1527 0.0422 9.0367 2.9526  1 2014
288.089 41.0013 288.085 41.0400 0.0992 0.1644 0.0340 5.2258 2.7372  1 2014
288.095 41.0046 288.094 41.0405 0.1733 0.2845 0.0622 8.4680 2.6594  1 2014
288.106 41.0123 288.103 41.0444 0.1507 0.2888 0.0127 8.8231 3.0394  1 2014
288.110 41.0164 288.107 41.0460 0.1307 0.2230 0.0385 7.0212 3.2702  1 2014
288.200 41.3048 288.203 41.3242 0.0858 0.1371 0.0345 4.5055 2.4539 11 2013
288.191 41.3033 288.191 41.3218 0.0852 0.1182 0.0522 4.2845 2.3521 11 2013
288.183 41.3018 288.186 41.3208 0.0830 0.1277 0.0383 3.8802 2.0576 11 2013
288.174 41.3002 288.175 41.3186 0.0574 0.0855 0.0293 3.5831 2.0611 11 2013
288.165 41.2986 288.164 41.3157 0.0444 0.0657 0.0230 3.4475 2.1655 11 2013
288.157 41.2969 288.158 41.3138 0.0440 0.0599 0.0282 3.7899 2.2843 11 2013
288.148 41.2952 288.148 41.3097 0.0620 0.1079 0.0161 4.6258 2.7723 11 2013
288.139 41.2934 288.141 41.3096 0.0865 0.1179 0.0550 4.2413 2.7312 11 2013
288.131 41.2916 288.129 41.3110 0.0691 0.1056 0.0327 3.8801 2.4435 11 2013
288.122 41.2897 288.124 41.3095 0.0580 0.0818 0.0342 3.3626 2.1694 11 2013
288.143 41.2952 288.144 41.3074 0.0758 0.1577 0.0010 4.9392 3.0017 11 2013
288.152 41.2966 288.153 41.3118 0.0537 0.0743 0.0332 4.1996 2.4999 11 2013
288.169 41.2994 288.169 41.3172 0.0510 0.0786 0.0235 3.5349 2.1208 11 2013
288.213 41.3056 288.208 41.3248 0.0979 0.1557 0.0402 4.3493 2.1208 11 2013
288.222 41.3067 288.220 41.3273 0.1015 0.1248 0.0781 5.0207 2.5794 11 2013
288.231 41.3079 288.225 41.3282 0.1118 0.1391 0.0845 5.7591 2.8989 11 2013
288.239 41.3090 288.237 41.3292 0.0934 0.1404 0.0464 5.5711 2.8795 11 2013
288.248 41.3101 288.247 41.3263 0.0972 0.1545 0.0398 4.1059 2.2825 11 2013
288.256 41.3112 288.256 41.3292 0.0633 0.0887 0.0379 3.6985 2.7466 11 2013
288.265 41.3123 288.261 41.3305 0.0692 0.0998 0.0387 3.6354 2.7831 11 2013
288.274 41.3134 288.267 41.3317 0.0834 0.0997 0.0672 3.5474 2.4908 11 2013
288.291 41.3152 288.284 41.3313 0.0804 0.1536 0.0073 3.5093 2.1744 11 2013
288.300 41.3160 288.294 41.3343 0.0680 0.1242 0.0118 3.6235 2.0431 11 2013
288.309 41.3167 288.302 41.3405 0.0546 0.0697 0.0394 4.0373 2.3696 11 2013
288.318 41.3173 288.308 41.3425 0.0483 0.0658 0.0308 4.0985 2.3123 11 2013
288.326 41.3179 288.319 41.3458 0.0495 0.0660 0.0330 3.6665 2.3626 11 2013
288.335 41.3185 288.324 41.3473 0.0473 0.0633 0.0313 3.2404 2.3021 11 2013
288.344 41.3192 288.330 41.3489 0.0487 0.0707 0.0267 3.0018 2.3603 11 2013
288.353 41.3200 288.341 41.3520 0.0760 0.1100 0.0420 3.5528 2.5957 11 2013
288.362 41.3210 288.346 41.3533 0.0829 0.1091 0.0568 3.6726 2.5415 11 2013
288.371 41.3221 288.352 41.3545 0.0796 0.1140 0.0451 3.7696 2.5065 11 2013
288.380 41.3233 288.363 41.3573 0.0531 0.0762 0.0299 3.6585 2.3334 11 2013
288.388 41.3246 288.368 41.3594 0.0488 0.0640 0.0335 3.5413 2.3700 11 2013
288.397 41.3259 288.374 41.3610 0.0557 0.0717 0.0397 3.8601 2.4802 11 2013
288.406 41.3272 288.385 41.3635 0.0631 0.0913 0.0350 3.6132 2.4083 11 2013
288.415 41.3284 288.391 41.3642 0.0644 0.1038 0.0249 3.1827 2.1969 11 2013
288.423 41.3294 288.401 41.3649 0.0815 0.1748 0.0010 3.4490 2.1169 11 2013
288.432 41.3301 288.407 41.3662 0.0659 0.1039 0.0280 3.4801 2.2139 11 2013
288.441 41.3304 288.412 41.3679 0.0643 0.0898 0.0387 3.3037 2.2056 11 2013
288.449 41.3303 288.418 41.3695 0.0670 0.1033 0.0308 2.9412 2.0801 11 2013
288.458 41.3298 288.422 41.3703 0.0674 0.1097 0.0251 2.8002 1.9219 11 2013
288.467 41.3289 288.428 41.3711 0.0664 0.1014 0.0313 2.8649 1.8434 11 2013
288.475 41.3276 288.433 41.3718 0.0677 0.0973 0.0380 2.9448 1.7510 11 2013
288.484 41.3260 288.438 41.3730 0.0733 0.0876 0.0589 3.4303 1.9103 11 2013
288.507 41.3215 288.444 41.3742 0.0778 0.0943 0.0613 4.0735 2.3870 11 2013
288.532 41.3256 288.449 41.3750 0.0801 0.1097 0.0505 4.3327 2.6954 11 2013
288.537 41.3339 288.454 41.3745 0.0977 0.1563 0.0392 4.2345 2.4267 11 2013
288.539 41.3395 288.464 41.3749 0.1107 0.2139 0.0074 3.6304 2.2321 11 2013
288.541 41.3459 288.469 41.3769 0.0890 0.1499 0.0282 3.3645 2.3735 11 2013
288.542 41.3529 288.508 41.3662 0.1233 0.1944 0.0521 3.6046 2.2230 11 2013
288.543 41.3604 288.516 41.3712 0.1791 0.2851 0.0731 3.8519 2.3156 11 2013
288.545 41.3683 288.518 41.3752 0.1646 0.2602 0.0689 3.5638 2.2676 11 2013
288.547 41.3762 288.523 41.3828 0.0930 0.2085 0.0010 4.5128 2.2217 11 2013
