%USGS SPCMSC mean beach slope derived from lidar surveys from 2000-2013
%iso_lon %iso_lat %sl_lon %sl_lat %slope %95_up %95_low %dhigh  %dlow
289.495 41.9090 289.468 41.8897 0.2204 0.3086 0.1322 17.5833 4.2816
289.490 41.9160 289.453 41.9091 0.1931 0.4023 0.0010 24.6091 4.4373
289.486 41.9250 289.459 41.9197 0.1853 0.2859 0.0848 16.0158 3.9478
289.481 41.9320 289.460 41.9225 0.1755 0.2837 0.0674 14.8290 4.0658
289.476 41.9390 289.461 41.9266 0.3221 0.4475 0.1966 13.7220 4.3705
289.468 41.9430 289.456 41.9263 0.0678 0.1177 0.0179 5.9355 3.5592
289.461 41.9490 289.450 41.9281 0.0575 0.0786 0.0363 5.4880 3.1619
289.456 41.9560 289.441 41.9332 0.0758 0.1049 0.0468 8.1628 3.1934
289.449 41.9620 289.432 41.9392 0.1982 0.3360 0.0605 12.4350 2.6976
289.434 41.9710 289.419 41.9482 0.1408 0.1798 0.1017 11.6548 3.3520
289.427 41.9760 289.414 41.9500 0.1641 0.2182 0.1099 10.1167 3.0034
289.421 41.9930 289.362 41.9593 0.0747 0.0908 0.0585 3.4783 2.6713
289.414 41.9970 289.357 41.9675 0.0560 0.0786 0.0333 4.8914 3.0760
289.413 42.0060 289.353 41.9758 0.0329 0.0556 0.0103 5.1149 3.3812
289.412 42.0150 289.400 42.0055 0.1330 0.1950 0.0710 7.9865 2.7926
289.407 42.0220 289.396 42.0085 0.0753 0.1085 0.0421 5.1211 3.0191
289.404 42.0310 289.388 42.0156 0.0898 0.1257 0.0539 5.0904 3.4830
289.401 42.0390 289.382 42.0232 0.0927 0.1321 0.0534 4.7481 3.2477
289.398 42.0480 289.379 42.0269 0.0641 0.0838 0.0443 4.7910 3.1440
289.397 42.0570 289.375 42.0303 0.0593 0.0808 0.0377 4.6610 3.0171
289.396 42.0660 289.354 42.0573 0.0704 0.0889 0.0520 4.9460 3.3029
289.394 42.0740 289.351 42.0706 0.1297 0.2747 0.0010 4.8244 2.7426
289.398 42.0820 289.360 42.0807 0.1144 0.1527 0.0762 5.0006 3.5568
289.387 42.1020 289.359 42.0891 0.0776 0.0924 0.0629 4.0119 2.9878
289.370 42.1070 289.355 42.0924 0.1632 0.3213 0.0052 4.1659 3.0873
289.361 42.1080 289.352 42.0959 0.2147 0.3267 0.1026 7.0823 4.0988
289.347 42.1190 289.335 42.1089 0.1067 0.1794 0.0339 4.6735 2.2831
289.341 42.1260 289.329 42.1167 0.1017 0.1631 0.0404 5.0516 2.5814
289.335 42.1330 289.326 42.1203 0.0695 0.0957 0.0433 5.5763 3.3599
289.332 42.1410 289.319 42.1276 0.0625 0.0869 0.0382 6.3647 3.8580
289.332 42.1500 289.313 42.1355 0.0639 0.0964 0.0313 5.0038 3.5858
289.333 42.1590 289.307 42.1435 0.0886 0.1089 0.0684 4.2836 2.8835
289.332 42.1680 289.304 42.1475 0.0852 0.1050 0.0654 4.3349 2.8563
289.332 42.1760 289.302 42.1514 0.0771 0.1170 0.0373 4.2303 2.4890
289.332 42.1840 289.296 42.1594 0.1449 0.2517 0.0381 4.4357 2.1729
289.325 42.1900 289.283 42.1904 0.1514 0.2898 0.0130 6.7669 3.1756
289.317 42.1950 289.284 42.1943 0.1429 0.2159 0.0699 6.0264 3.4833
289.310 42.1990 289.284 42.1988 0.1255 0.1566 0.0943 4.2558 3.0844
289.307 42.2080 289.284 42.2033 0.1659 0.2140 0.1177 4.7974 2.8307
289.304 42.2160 289.283 42.2075 0.1802 0.2747 0.0857 3.6642 2.8361
289.300 42.2240 289.278 42.2079 0.1532 0.2047 0.1017 3.9970 2.5970
289.294 42.2300 289.273 42.2100 0.2054 0.3791 0.0317 4.3593 2.6133
289.286 42.2340 289.267 42.2121 0.2494 0.3629 0.1360 4.6054 2.6911
289.277 42.2350 289.263 42.2153 0.1711 0.2516 0.0905 4.8175 2.9446
289.269 42.2380 289.260 42.2188 0.1552 0.2396 0.0708 3.9445 2.6664
289.264 42.2450 289.243 42.2307 0.2550 0.3439 0.1661 4.4320 1.9998
289.261 42.2530 289.239 42.2392 0.1716 0.4199 0.0010 4.0035 2.7176
289.254 42.2590 289.235 42.2461 0.0859 0.0955 0.0763 3.5654 2.1177
289.246 42.2630 289.236 42.2505 0.1725 0.2150 0.1301 4.3498 2.8167
289.244 42.2730 289.232 42.2514 0.1790 0.2251 0.1328 4.3988 2.7771
289.237 42.2780 289.230 42.2533 0.0856 0.1017 0.0695 4.3107 2.3056
289.228 42.2790 289.213 42.2502 0.0484 0.0805 0.0164 3.3376 1.5269
289.219 42.2800 289.206 42.2546 0.0829 0.1008 0.0651 4.5313 2.5271
289.214 42.2870 289.201 42.2559 0.0472 0.0639 0.0304 3.7769 2.8049
289.210 42.2950 289.197 42.2587 0.0924 0.2016 0.0010 4.2206 2.7171
289.204 42.2990 289.192 42.2601 0.1140 0.2063 0.0217 4.4397 2.7253
289.195 42.3010 289.187 42.2619 0.1285 0.1819 0.0751 5.2415 3.6833
289.178 42.3060 289.172 42.2672 0.1203 0.1781 0.0626 10.8607 3.3526
289.169 42.3090 289.133 42.2815 0.0581 0.0855 0.0306 4.1577 2.8168
289.164 42.3160 289.127 42.2894 0.0504 0.0689 0.0320 4.5221 2.7882
289.156 42.3210 289.121 42.2974 0.0676 0.0848 0.0504 4.7231 3.1725
289.147 42.3230 289.119 42.3015 0.0854 0.1140 0.0569 4.4256 3.2657
289.138 42.3240 289.117 42.3058 0.0997 0.1177 0.0818 4.3528 3.0472
289.087 42.4090 289.069 42.4291 0.0684 0.0986 0.0383 3.9130 2.1005
289.099 42.4210 289.066 42.4330 0.0564 0.0809 0.0318 4.0052 2.5395
289.099 42.4300 289.061 42.4414 0.0281 0.0363 0.0199 4.2250 2.5762
289.097 42.4390 289.066 42.4586 0.0908 0.4044 0.0010 3.7863 1.9036
289.115 42.4570 289.112 42.4653 0.2466 0.2936 0.1997 9.9139 3.3612
289.123 42.4610 289.112 42.4682 0.1509 0.2555 0.0464 5.8411 3.0929
289.130 42.4630 289.115 42.4721 0.1394 0.3438 0.0010 4.5421 3.2298
289.147 42.4580 289.137 42.4864 0.1860 0.2161 0.1559 5.5289 3.2862
289.153 42.4650 289.146 42.4914 0.1197 0.1559 0.0835 3.9434 2.6631
289.156 42.4730 289.157 42.4889 0.1369 0.2038 0.0700 4.3000 2.8376
289.163 42.4780 289.161 42.4894 0.1420 0.1865 0.0976 7.3749 3.2052
289.179 42.4840 289.165 42.4928 0.1500 0.2246 0.0754 10.5887 3.4623
289.188 42.4900 289.165 42.4971 0.1239 0.2005 0.0474 6.0933 3.3960
289.183 42.4970 289.166 42.5016 0.1361 0.1483 0.1239 7.4044 3.5412
289.213 42.5150 289.195 42.5615 0.0530 0.0907 0.0153 4.6742 2.8085
289.222 42.5170 289.201 42.5630 0.0852 0.1213 0.0491 3.8320 2.4216
289.231 42.5170 289.207 42.5644 0.1061 0.1750 0.0372 4.0997 2.2998
289.236 42.5280 289.227 42.5602 0.0933 0.1076 0.0790 3.0216 2.3905
289.247 42.5600 289.242 42.5705 0.0554 0.1083 0.0024 5.9714 3.1789
289.255 42.5600 289.252 42.5737 0.0712 0.1243 0.0182 14.7170 3.0148
289.264 42.5630 289.266 42.5765 0.1061 0.1102 0.1021 3.2270 2.4438
289.273 42.5650 289.274 42.5771 0.0542 0.0763 0.0322 3.8100 2.6293
289.282 42.5660 289.285 42.5753 0.0602 0.0818 0.0386 4.0672 2.3142
289.348 42.5790 289.344 42.5817 0.1474 0.1728 0.1220 4.4162 3.0200
289.356 42.5840 289.349 42.5877 0.1583 0.2245 0.0922 4.4981 2.6586
289.372 42.5920 289.362 42.5985 0.1308 0.2028 0.0588 6.3546 3.2175
289.378 42.5990 289.367 42.6052 0.1188 0.1941 0.0435 5.1412 2.7525
289.378 42.6070 289.366 42.6133 0.1555 0.1861 0.1248 6.4305 3.1871
289.382 42.6150 289.370 42.6207 0.0442 0.0622 0.0263 5.0126 2.9523
289.399 42.6210 289.390 42.6336 0.1435 0.2351 0.0520 4.4357 2.4980
289.408 42.6210 289.395 42.6353 0.1260 0.2049 0.0470 4.0447 2.6290
289.417 42.6210 289.401 42.6359 0.1321 0.1719 0.0922 3.8843 2.4926
289.412 42.6740 289.401 42.6593 0.1834 0.1880 0.1789 7.4204 2.6773
289.398 42.6630 289.396 42.6589 0.1813 0.1975 0.1652 9.3755 2.3076
289.391 42.6680 289.391 42.6591 0.1648 0.1937 0.1358 7.8835 2.2501
289.381 42.6820 289.380 42.6586 0.0816 0.1332 0.0300 5.5654 2.0720
289.374 42.6950 289.376 42.6606 0.0736 0.0800 0.0671 6.6323 2.2283
289.321 42.6910 289.308 42.6560 0.0593 0.0923 0.0262 6.0996 2.7371
289.312 42.6930 289.303 42.6561 0.0608 0.0816 0.0400 5.7972 2.8722
289.303 42.6950 289.286 42.6612 0.0588 0.0915 0.0261 4.9567 2.6497
289.295 42.6990 289.281 42.6633 0.0493 0.1107 0.0010 5.8481 2.9612
289.287 42.7030 289.260 42.6759 0.0449 0.1038 0.0010 7.5995 2.7736
289.280 42.7080 289.257 42.6795 0.0480 0.1134 0.0010 7.1275 2.7933
289.273 42.7140 289.253 42.6822 0.0467 0.0989 0.0010 6.0317 3.0026
289.266 42.7200 289.248 42.6850 0.0424 0.1044 0.0010 6.3348 3.7380
289.260 42.7270 289.228 42.7089 0.0614 0.1009 0.0219 4.9367 3.0486
289.254 42.7340 289.224 42.7171 0.0979 0.1576 0.0381 7.3515 3.3783
289.248 42.7400 289.219 42.7254 0.0709 0.1209 0.0209 7.6187 3.6688
289.242 42.7470 289.217 42.7295 0.0737 0.1284 0.0190 7.6436 3.6050
289.237 42.7550 289.211 42.7403 0.0677 0.1069 0.0284 7.0750 3.6227
289.231 42.7620 289.206 42.7516 0.0672 0.1097 0.0247 7.8964 3.8615
289.227 42.7690 289.203 42.7603 0.0539 0.0873 0.0205 7.6626 3.7697
289.222 42.7770 289.200 42.7680 0.0680 0.1210 0.0150 7.6406 3.9617
289.218 42.7850 289.196 42.7799 0.0562 0.0839 0.0285 7.3447 4.0062
289.215 42.7940 289.194 42.7876 0.0643 0.0899 0.0387 7.5352 3.9875
289.215 42.8020 289.192 42.8006 0.0793 0.1238 0.0348 6.7432 3.6314
289.216 42.8110 289.192 42.8050 0.0801 0.1221 0.0382 7.0392 4.2502
289.213 42.8200 289.191 42.8139 0.1015 0.1328 0.0703 6.3564 4.2900
289.209 42.8280 289.190 42.8182 0.1101 0.1463 0.0738 6.4232 4.1060
289.207 42.8370 289.185 42.8356 0.0729 0.1079 0.0378 5.6789 3.6352
289.204 42.8450 289.185 42.8401 0.0737 0.1104 0.0371 5.3325 3.1614
289.203 42.8540 289.183 42.8534 0.0933 0.1159 0.0708 5.1669 3.5558
289.205 42.8630 289.183 42.8577 0.0978 0.1379 0.0577 5.8986 3.5572
