%lon     %lat     %shoreline direction (deg true)
289.289 43.0406 108
289.284 43.0323 116
289.276 43.0257 126
289.271 43.0176 129
289.266 43.0096 124
289.260 43.0024 128
289.255 42.9942 131
289.247 42.9873 124
289.241 42.9799 127
289.238 42.9712 122
289.232 42.9638 126
289.227 42.9556 127
289.219 42.9493 126
289.215 42.9408 122
289.210 42.9328 111
289.207 42.9241 122
289.206 42.9157 115
289.196 42.9105 105
289.195 42.9017 124
289.191 42.8874 110
289.189 42.8785  96
289.190 42.8697  95
289.188 42.8614  91
289.188 42.8524  82
289.188 42.8435  65
289.195 42.8372  57
289.202 42.8307  59
289.207 42.8226  74
289.204 42.8051 105
289.197 42.7991 101
289.198 42.7902  92
289.200 42.7813  76
289.203 42.7726  73
289.206 42.7638  70
289.209 42.7551  68
289.213 42.7466  66
289.217 42.7381  62
289.221 42.7297  59
289.226 42.7216  54
289.232 42.7138  48
289.240 42.7068  43
289.248 42.6999  41
289.256 42.6936  40
289.264 42.6865  35
289.272 42.6797  37
289.282 42.6754  32
289.289 42.6684  22
289.299 42.6638  11
289.311 42.6633 356
289.321 42.6680 338
289.331 42.6714 329
289.338 42.6800 331
289.347 42.6847 330
289.357 42.6882 346
289.368 42.6931   9
289.379 42.6886  36
289.379 42.6800  65
289.381 42.6715  64
289.381 42.6629  39
289.392 42.6604  33
289.403 42.6598  33
289.409 42.6532  58
289.410 42.6444 104
289.407 42.6361 132
289.396 42.6321 141
289.386 42.6279 151
289.380 42.6193 136
289.370 42.6154 125
289.370 42.6068 126
289.365 42.5990 123
289.359 42.5918 136
289.350 42.5861 154
289.343 42.5802 182
289.336 42.5843 234
289.338 42.5934 271
289.339 42.5989 284
289.342 42.6090 187
289.331 42.6079 149
289.325 42.6017 141
289.319 42.5939 130
289.313 42.5850 136
289.306 42.5790 147
289.297 42.5746 162
289.286 42.5723 173
289.274 42.5730 175
289.262 42.5734 173
289.251 42.5698 163
289.241 42.5666 163
289.232 42.5604 167
289.222 42.5607 169
289.210 42.5609 113
289.199 42.5580 109
289.123 42.3040 106
289.128 42.2957 102
289.134 42.2878  49
289.141 42.2804  37
289.149 42.2740  24
289.160 42.2712  19
289.172 42.2707  15
289.182 42.2663  15
289.193 42.2623  16
289.204 42.2599  13
289.215 42.2584  14
289.227 42.2564  25
289.236 42.2513  38
289.241 42.2430  49
289.246 42.2348  50
289.252 42.2272  44
289.261 42.2214  33
289.270 42.2151  30
289.281 42.2121  42
289.289 42.2058  59
289.289 42.1970  79
289.286 42.1884  87
289.287 42.1798  77
289.290 42.1715  64
289.296 42.1640  57
289.301 42.1559  53
289.308 42.1491  53
289.313 42.1404  51
289.320 42.1327  50
289.326 42.1251  49
289.333 42.1177  46
289.340 42.1101  43
289.347 42.1033  43
289.356 42.0970  50
289.363 42.0896  70
289.364 42.0809  90
289.358 42.0733  97
289.356 42.0644  91
289.358 42.0556  71
289.364 42.0475  56
289.370 42.0398  48
289.377 42.0329  46
289.385 42.0261  44
289.392 42.0183  48
289.399 42.0112  65
289.404 42.0040  63
289.420 41.9502  61
289.430 41.9447  58
289.439 41.9392  28
289.449 41.9334  34
289.459 41.9296  51
289.465 41.9216  66
289.460 41.9135  79
289.461 41.9052  78
289.466 41.8969  69
289.472 41.8889  71
289.474 41.8802  74
289.473 41.8715  80
289.476 41.8628  88
289.477 41.8540  93
289.475 41.8453 106
289.471 41.8367 112
289.466 41.8288 102
289.464 41.8202  87
289.467 41.8118  64
289.474 41.8042  47
289.481 41.7976  40
289.491 41.7917  35
289.500 41.7855  34
289.518 41.7720  31
289.527 41.7673  27
289.538 41.7633  21
289.549 41.7604  17
289.560 41.7560  17
289.571 41.7525  14
289.582 41.7506  12
289.594 41.7479  10
289.606 41.7471   7
289.618 41.7455   5
289.630 41.7438   4
289.642 41.7433   2
289.653 41.7427   2
289.665 41.7425   1
289.677 41.7425 359
289.689 41.7424 359
289.701 41.7436 359
289.713 41.7434 352
289.725 41.7436 353
289.734 41.7490 355
289.746 41.7494 355
289.757 41.7474   2
289.769 41.7478   1
289.781 41.7477 355
289.793 41.7495 350
289.804 41.7524 350
289.814 41.7558 347
289.826 41.7565 347
289.837 41.7585 346
289.847 41.7618 340
289.857 41.7667 337
289.868 41.7710 334
289.878 41.7759 334
289.888 41.7813 334
289.898 41.7864 335
289.908 41.7906 339
289.919 41.7949 344
289.930 41.7978 349
289.942 41.7988 349
289.954 41.7993 340
289.964 41.8038 323
289.968 41.8121 303
289.971 41.8208 286
289.974 41.8296 273
289.974 41.8385 260
289.970 41.8471 250
289.965 41.8552 241
289.961 41.8636 231
289.956 41.8715 241
289.946 41.8766 263
289.948 41.8851 273
289.958 41.8904 283
289.957 41.8988 238
289.951 41.8987 161
289.944 41.8915 126
289.939 41.8839 103
289.940 41.8749  91
289.944 41.8668 103
289.944 41.8590 132
289.933 41.8557 161
289.921 41.8544 177
289.909 41.8550 182
289.897 41.8564 190
289.886 41.8570 206
289.876 41.8626 249
289.883 41.8677 297
289.890 41.8746 308
289.898 41.8815 299
289.898 41.8899 295
289.900 41.8987 287
289.905 41.9068 290
289.908 41.9153 292
289.910 41.9242 286
289.914 41.9328 283
289.916 41.9416 278
289.916 41.9506 270
289.915 41.9595 265
289.914 41.9684 262
289.913 41.9774 260
289.911 41.9862 260
289.909 41.9949 262
289.907 42.0038 261
289.907 42.0128 255
289.906 42.0216 248
289.900 42.0294 232
289.894 42.0370 218
289.884 42.0425 208
289.874 42.0465 199
289.862 42.0492 194
289.851 42.0516 188
289.839 42.0539 178
289.827 42.0528 163
289.818 42.0473 140
289.812 42.0396 105
289.812 42.0309  81
289.822 42.0284  94
289.822 42.0224 168
289.811 42.0268 189
289.799 42.0262 203
289.790 42.0322 210
289.782 42.0401 218
289.775 42.0466 221
289.767 42.0538 223
289.759 42.0598 239
289.754 42.0656 273
289.760 42.0736 309
289.768 42.0798 330
289.779 42.0841 342
289.791 42.0863 350
289.802 42.0874 357
289.814 42.0881   3
289.826 42.0862   6
289.838 42.0839  12
289.849 42.0824  14
289.860 42.0786  15
289.871 42.0751  17
289.883 42.0719  18
289.894 42.0687  19
289.904 42.0645  22
289.915 42.0599  25
289.925 42.0548  28
289.935 42.0495  32
289.943 42.0435  36
289.952 42.0369  41
289.959 42.0301  44
289.966 42.0224  46
289.973 42.0153  49
289.980 42.0079  50
289.986 42.0000  53
289.991 41.9920  56
289.997 41.9841  56
290.002 41.9759  57
290.007 41.9678  58
290.012 41.9597  59
290.017 41.9516  60
290.022 41.9432  63
290.026 41.9348  64
290.029 41.9262  65
290.033 41.9177  68
290.037 41.9092  68
290.040 41.9005  71
290.043 41.8918  73
290.045 41.8830  73
290.048 41.8742  73
290.051 41.8655  73
290.054 41.8568  73
290.056 41.8480  74
290.059 41.8392  73
290.061 41.8304  74
290.064 41.8222  74
290.066 41.8132  78
290.069 41.8046  83
290.068 41.7957  84
290.069 41.7867  86
290.070 41.7777  82
290.071 41.7688  82
290.073 41.7599  81
290.074 41.7509  84
290.075 41.7420  87
290.076 41.7333  88
290.076 41.7247  87
290.076 41.7160  84
290.077 41.7071  86
290.079 41.6983  84
290.078 41.6893  93
290.079 41.6804 100
290.076 41.6720 108
290.073 41.6634 118
290.067 41.6560 121
290.063 41.6479 123
290.056 41.6403 130
290.055 41.6309 127
290.049 41.6271 120
290.042 41.6189 130
290.044 41.6093 118
290.034 41.6062 125
290.032 41.5967 127
290.021 41.5904 114
290.019 41.5817 107
290.017 41.5729 105
290.017 41.5640 109
290.015 41.5561 109
290.014 41.5487 130
289.986 41.5433 220
289.980 41.5494 252
289.982 41.5581 278
289.986 41.5665 294
289.990 41.5749 292
289.995 41.5832 281
289.996 41.5914 271
289.992 41.5998 259
289.990 41.6086 255
289.988 41.6174 258
289.986 41.6263 269
289.985 41.6352 292
289.990 41.6431 306
290.000 41.6474 301
290.007 41.6540 270
290.001 41.6596 209
289.990 41.6622 184
289.979 41.6595 167
289.967 41.6567 162
289.958 41.6516 168
289.947 41.6481 174
289.935 41.6502 179
289.923 41.6517 182
289.911 41.6511 175
289.900 41.6497 166
289.888 41.6465 150
289.880 41.6406 136
289.878 41.6322 145
289.875 41.6263 164
289.864 41.6291 186
289.853 41.6328 192
289.841 41.6358 183
289.830 41.6359 174
289.819 41.6316 165
289.808 41.6283 159
289.797 41.6240 160
289.787 41.6199 160
289.776 41.6158 158
289.765 41.6123 160
289.755 41.6071 165
289.744 41.6048 175
289.734 41.6044 189
289.723 41.6087 203
289.714 41.6138 200
289.707 41.6211 181
289.696 41.6177 156
289.693 41.6092 147
289.687 41.6020 150
289.675 41.6003 167
289.663 41.5984 182
289.652 41.6000 182
289.641 41.6037 179
289.630 41.6018 171
289.619 41.5977 161
289.609 41.5929 155
289.598 41.5890 155
289.589 41.5832 155
289.578 41.5790 151
289.569 41.5741 154
289.560 41.5680 152
289.549 41.5636 151
289.539 41.5587 146
289.531 41.5529 152
289.526 41.5449 159
289.515 41.5456 167
289.504 41.5446 178
289.492 41.5427 177
289.480 41.5435 180
289.468 41.5434 179
289.456 41.5438 176
289.445 41.5426 174
289.433 41.5402 172
289.422 41.5385 173
289.410 41.5361 176
289.398 41.5360 176
289.386 41.5361 171
289.374 41.5348 163
289.364 41.5308 153
289.358 41.5244 150
289.352 41.5177 161
288.531 41.3820 119
288.529 41.3742 116
288.522 41.3655 115
288.517 41.3570 166
288.477 41.3717 187
288.466 41.3670 174
288.454 41.3653 176
288.442 41.3653 173
288.430 41.3642 170
288.419 41.3632 168
288.408 41.3612 168
288.396 41.3595 173
288.384 41.3583 171
288.372 41.3560 164
288.362 41.3461 164
288.350 41.3454 166
288.339 41.3445 165
288.328 41.3416 165
288.317 41.3384 162
288.306 41.3335 155
288.296 41.3272 159
288.285 41.3264 173
288.273 41.3263 174
288.262 41.3241 166
288.251 41.3209 174
288.239 41.3217 181
288.227 41.3205 174
288.216 41.3192 169
288.204 41.3168 171
288.192 41.3145 172
288.181 41.3126 168
288.170 41.3105 164
288.159 41.3071 161
288.148 41.3032 168
288.137 41.3024 177
288.125 41.3020 174
289.877 41.2090 190
289.870 41.2100 186
289.863 41.2105 183
289.855 41.2107 181
289.847 41.2106 180
289.838 41.2105 180
289.829 41.2104 180
289.821 41.2105 182
289.812 41.2109 185
289.804 41.2117 187
289.796 41.2130 191
289.788 41.2148 194
289.781 41.2170 197
289.773 41.2196 200
289.765 41.2225 202
289.758 41.2256 203
289.751 41.2289 204
289.743 41.2322 203
289.736 41.2354 202
289.728 41.2386 201
289.720 41.2416 190
289.712 41.2444 190
289.525 41.2730 190
289.517 41.2757 190
289.508 41.2787 200
289.500 41.2819 200
289.492 41.2850 201
289.483 41.2882 201
289.475 41.2913 200
289.467 41.2943 199
289.458 41.2971 197
289.450 41.2997 196
289.441 41.3020 194
289.433 41.3041 192
289.424 41.3058 191
289.415 41.3073 189
289.406 41.3085 187
289.398 41.3094 186
289.389 41.3102 184
289.380 41.3107 183
289.371 41.3112 183
289.362 41.3116 182
289.353 41.3118 181
289.344 41.3118 180
289.335 41.3117 178
289.326 41.3113 176
289.318 41.3106 173
289.309 41.3094 170
289.301 41.3078 167
289.293 41.3056 163
289.285 41.3029 159
289.277 41.2995 154
289.270 41.2956 150
289.263 41.2911 146
289.256 41.2860 143
