%lon     %lat     %shoreline direction (deg true)
289.045 42.4191 327
289.052 42.4225 340
289.061 42.4213 341
289.070 42.4234 333
289.074 42.4292 308
289.078 42.4354 288
289.078 42.4422 289
289.078 42.4489 302
289.083 42.4542 318
289.091 42.4569 331
289.098 42.4608 335
289.106 42.4648 336
289.113 42.4685 338
289.122 42.4706 332
289.130 42.4735 328
289.133 42.4796 330
289.139 42.4845 342
289.147 42.4853 350
289.155 42.4818 347
289.162 42.4846 329
289.166 42.4907 295
289.167 42.4974 254
289.165 42.5035 205
289.158 42.4994 206
289.152 42.4974 222
289.155 42.5035 271
289.158 42.5097 271
289.158 42.5164 237
289.152 42.5205 202
289.143 42.5214 181
289.134 42.5192 183
289.126 42.5167 205
289.126 42.5217 275
289.133 42.5258 284
289.135 42.5321 299
289.132 42.5382 307
289.137 42.5400 325
289.145 42.5416 344
289.154 42.5446 347
289.162 42.5469 348
289.171 42.5482 354
289.180 42.5491   2
289.189 42.5485   2
289.197 42.5454 349
289.203 42.5472 325
289.198 42.5527 318
289.202 42.5577 339
289.211 42.5577 354
289.216 42.5522 357
289.222 42.5554 350
289.230 42.5589 330
289.237 42.5624 334
289.243 42.5676 337
289.252 42.5700 346
289.260 42.5718   1
289.269 42.5705   1
289.277 42.5671 358
289.285 42.5694 350
289.293 42.5729 337
289.301 42.5759 330
289.308 42.5805 323
289.313 42.5859 312
289.318 42.5917 307
289.321 42.5980 317
289.325 42.6039 337
289.334 42.6050  11
289.337 42.5999  55
289.341 42.5943  91
289.336 42.5884  85
289.333 42.5823  62
289.339 42.5791   4
289.347 42.5824 338
289.354 42.5872 323
289.359 42.5926 314
289.365 42.5980 303
289.368 42.6042 299
289.369 42.6109 302
289.373 42.6168 307
289.379 42.6216 320
289.385 42.6268 331
289.392 42.6307 332
289.401 42.6324 324
289.407 42.6366 306
289.407 42.6433 281
289.406 42.6500 247
289.406 42.6565 220
289.398 42.6586 203
289.389 42.6590 201
289.381 42.6608 217
289.378 42.6671 243
289.378 42.6738 263
289.378 42.6805 251
289.378 42.6867 223
289.370 42.6909 196
289.362 42.6888 175
289.354 42.6875 161
289.346 42.6839 155
289.339 42.6798 147
289.333 42.6748 148
289.327 42.6697 153
289.319 42.6668 164
289.310 42.6649 178
289.301 42.6657 192
289.292 42.6682 203
289.286 42.6734 211
289.279 42.6776 216
289.273 42.6824 214
289.267 42.6872 216
289.259 42.6915 216
289.253 42.6965 218
289.247 42.7013 222
289.242 42.7067 222
289.236 42.7121 226
289.230 42.7173 229
289.226 42.7232 232
289.222 42.7293 238
289.218 42.7355 241
289.215 42.7418 242
289.212 42.7482 244
289.209 42.7544 247
289.206 42.7609 248
289.204 42.7675 251
289.202 42.7740 254
289.200 42.7806 255
289.198 42.7872 260
289.197 42.7939 270
289.197 42.8007 277
289.199 42.8071 272
289.202 42.8136 260
289.198 42.8194 249
289.193 42.8249 242
289.190 42.8313 248
289.189 42.8380 258
289.188 42.8447 264
289.187 42.8514 267
289.187 42.8582 271
289.187 42.8649 273
289.188 42.8717 277
289.188 42.8784 289
289.190 42.8850 292
289.196 42.8901 287
289.198 42.8963 288
289.196 42.9029 291
289.198 42.9093 292
289.205 42.9135 293
289.207 42.9196 292
289.206 42.9262 286
289.208 42.9328 292
289.212 42.9385 304
289.217 42.9440 313
289.222 42.9495 312
289.228 42.9546 311
289.232 42.9604 311
289.236 42.9663 301
289.241 42.9719 300
289.242 42.9786 304
289.246 42.9847 304
289.252 42.9896 310
289.257 42.9954 307
289.261 43.0013 305
289.263 43.0078 303
289.269 43.0133 304
289.273 43.0194 313
289.277 43.0251 311
289.284 43.0298 308
289.288 43.0357 295
289.290 43.0421 278
289.288 43.0485 280
289.287 43.0546 300
289.292 43.0602 337
289.301 43.0600 347
289.309 43.0574 349
289.316 43.0610 341
289.322 43.0660 326
289.330 43.0699 321
289.335 43.0750 320
289.341 43.0806 309
289.345 43.0859 303
289.347 43.0921 300
289.351 43.0983 302
289.354 43.1044 308
289.360 43.1098 306
289.365 43.1153 302
289.368 43.1217 305
289.369 43.1283 304
289.376 43.1326 297
289.380 43.1375 300
289.380 43.1442 291
289.382 43.1506 292
289.385 43.1570 314
289.390 43.1625 330
289.399 43.1643 325
289.407 43.1653 304
289.405 43.1709 273
289.400 43.1761 267
289.400 43.1824 283
289.406 43.1872 300
289.410 43.1932 304
289.413 43.1996 296
289.416 43.2061 298
289.419 43.2121 292
289.424 43.2178 278
289.423 43.2243 261
289.419 43.2303 249
289.415 43.2362 251
289.414 43.2429 263
289.414 43.2496 277
289.416 43.2563 285
289.418 43.2628 292
289.421 43.2692 301
289.425 43.2753 304
289.430 43.2808 306
289.434 43.2867 301
289.438 43.2927 295
289.439 43.2994 294
289.442 43.3058 297
289.445 43.3120 305
289.451 43.3176 311
289.456 43.3233 319
289.461 43.3285 324
289.469 43.3325 332
289.476 43.3363 346
289.485 43.3388 350
289.494 43.3367 356
289.502 43.3383 354
289.510 43.3386 351
289.517 43.3423 357
289.526 43.3418 353
289.534 43.3401 357
289.542 43.3427 351
289.551 43.3443 339
289.559 43.3470 342
289.565 43.3517 334
289.573 43.3530 328
289.579 43.3583 314
289.584 43.3626 288
289.582 43.3693 277
289.581 43.3759 279
289.582 43.3823 296
289.588 43.3872 321
289.594 43.3925 332
289.600 43.3920 330
289.607 43.3960 327
289.613 43.4017 312
289.617 43.4077 304
289.620 43.4138 301
289.624 43.4201 303
289.627 43.4263 311
289.632 43.4319 326
289.640 43.4361 340
289.649 43.4371 348
289.657 43.4373 339
289.665 43.4389 319
289.665 43.4455 304
289.666 43.4521 260
289.670 43.4563 223
289.662 43.4573 205
289.653 43.4569 199
289.646 43.4612 201
289.641 43.4663 215
289.633 43.4686 223
289.628 43.4743 228
289.625 43.4808 247
289.622 43.4872 265
289.622 43.4938 279
289.625 43.5001 296
289.629 43.5063 306
289.634 43.5119 310
289.640 43.5175 314
289.645 43.5230 321
289.650 43.5284 334
289.659 43.5313 351
289.668 43.5310   3
289.676 43.5280   3
289.685 43.5265 350
289.693 43.5297 325
289.696 43.5357 312
289.697 43.5423 310
289.703 43.5471 322
289.711 43.5510 338
289.719 43.5540 352
289.728 43.5550   2
289.736 43.5518   5
289.745 43.5501   2
289.754 43.5512 354
289.762 43.5539 343
289.771 43.5557 350
289.775 43.5592 356
289.782 43.5561 351
289.791 43.5559 339
289.798 43.5599 339
290.152 43.7037 339
290.158 43.7032 339
290.162 43.7006 354
290.166 43.7019 334
290.168 43.7054 302
290.170 43.7091 290
290.170 43.7131 296
290.171 43.7169 307
290.175 43.7198 325
290.180 43.7221 339
290.185 43.7238 352
290.190 43.7241 350
290.195 43.7224 350
290.199 43.7254 349
290.203 43.7269 343
290.209 43.7276 350
290.214 43.7284 351
290.220 43.7290 345
290.225 43.7302 333
