%lon     %lat     %shoreline direction (deg true)
292.519 44.6078 206
292.517 44.6085 186
292.515 44.6082 166
292.513 44.6076 161
292.511 44.6069 156
291.957 44.3402  99
291.957 44.3385 109
291.956 44.3369 115
291.955 44.3349 117
291.954 44.3333 124
291.953 44.3318 154
291.951 44.3319 214
291.950 44.3334 227
291.949 44.3342 218
291.948 44.3355 226
291.946 44.3366 184
291.945 44.3355 133
291.944 44.3344 123
291.943 44.3324 136
291.824 44.3404  88
291.825 44.3377  78
291.825 44.3351  99
291.826 44.3324  90
291.827 44.3299  69
291.827 44.3277 110
291.824 44.3254 163
291.820 44.3260 198
291.818 44.3277 176
291.817 44.3254 124
291.815 44.3226 117
291.813 44.3200 123
291.812 44.3177 110
291.812 44.3148  86
291.813 44.3124  76
291.812 44.3099  84
291.812 44.3072 123
291.810 44.3059 177
291.807 44.3070 223
291.805 44.3099 211
291.802 44.3095 144
291.801 44.3068 125
291.800 44.3047 116
291.799 44.3018 127
291.796 44.2994 149
291.793 44.2975 154
291.790 44.2964 166
291.701 44.2675  30
291.702 44.2663  56
291.703 44.2648  54
291.704 44.2637  30
291.706 44.2631  34
291.707 44.2619  61
291.707 44.2604  63
291.708 44.2591  64
291.709 44.2574  68
291.709 44.2559  88
291.709 44.2543  84
291.710 44.2531  53
291.711 44.2517  66
291.711 44.2501  78
291.711 44.2484  69
291.712 44.2470  66
291.713 44.2452  83
291.713 44.2435 144
291.711 44.2440 187
291.710 44.2439 174
291.708 44.2437 168
291.707 44.2432 153
291.706 44.2423 168
291.704 44.2426 160
291.703 44.2413 128
291.702 44.2400 110
291.702 44.2380 115
291.700 44.2365 137
291.699 44.2356 150
291.698 44.2349 161
291.696 44.2346 167
