%lon     %lat     %shoreline direction (deg true)
238.650 35.7951 217
238.643 35.8000 205
238.634 35.8025 206
238.627 35.8078 218
238.620 35.8136 220
238.613 35.8194 222
238.607 35.8255 224
238.601 35.8320 211
238.592 35.8344 202
238.585 35.8385 234
238.584 35.8472 248
238.579 35.8544 226
238.572 35.8598 217
238.564 35.8653 218
238.557 35.8708 216
238.550 35.8758 219
238.544 35.8820 233
238.540 35.8899 238
238.535 35.8973 240
238.531 35.9054 245
238.527 35.9135 248
238.524 35.9219 255
238.523 35.9307 257
238.520 35.9393 249
238.517 35.9474 249
238.514 35.9559 254
238.512 35.9645 250
238.508 35.9726 241
238.503 35.9801 238
238.499 35.9877 243
238.496 35.9957 229
238.488 36.0001 207
238.480 36.0035 209
238.473 36.0086 209
238.465 36.0123 199
238.456 36.0146 191
238.447 36.0157 186
238.438 36.0165 191
238.430 36.0193 211
238.424 36.0257 228
238.418 36.0327 234
238.413 36.0401 233
238.408 36.0469 229
238.402 36.0537 243
238.400 36.0622 246
238.395 36.0696 231
238.389 36.0760 228
238.383 36.0829 238
238.380 36.0911 244
238.376 36.0990 241
238.371 36.1067 237
238.366 36.1140 230
238.360 36.1205 226
238.354 36.1268 227
238.348 36.1337 227
238.342 36.1400 225
238.336 36.1465 217
238.328 36.1506 204
238.320 36.1537 225
238.317 36.1618 241
238.312 36.1688 228
238.305 36.1745 217
238.298 36.1795 207
238.290 36.1826 210
238.283 36.1881 234
238.280 36.1960 226
238.272 36.1995 198
238.263 36.2016 194
238.255 36.2039 199
238.247 36.2076 209
238.239 36.2126 212
238.232 36.2172 206
238.223 36.2206 202
238.215 36.2239 204
238.207 36.2281 204
238.199 36.2312 195
238.190 36.2327 194
238.182 36.2356 207
238.175 36.2408 218
238.168 36.2466 212
238.160 36.2504 205
238.152 36.2542 232
238.150 36.2630 251
238.146 36.2708 231
238.140 36.2765 216
238.132 36.2814 204
238.124 36.2838 208
238.118 36.2892 234
238.114 36.2974 243
238.110 36.3051 235
238.104 36.3120 237
238.100 36.3199 257
238.100 36.3288 267
238.100 36.3377 264
238.099 36.3466 263
238.098 36.3555 261
238.096 36.3643 264
238.096 36.3732 269
238.096 36.3821 258
238.092 36.3902 242
238.088 36.3978 246
238.085 36.4063 258
238.084 36.4152 262
238.083 36.4240 256
238.080 36.4325 245
238.076 36.4401 235
238.070 36.4472 243
238.068 36.4556 258
238.067 36.4645 252
238.063 36.4724 238
238.057 36.4797 242
238.054 36.4879 261
238.055 36.4968 267
238.054 36.5054 246
238.048 36.5123 241
238.045 36.5204 301
238.054 36.5214 352
238.062 36.5226 330
238.067 36.5288 280
238.065 36.5371 252
238.062 36.5453 251
238.059 36.5534 232
238.052 36.5584 196
238.044 36.5581 193
238.036 36.5624 209
238.028 36.5669 220
238.022 36.5737 252
238.023 36.5813 291
238.028 36.5883 301
238.032 36.5962 290
238.035 36.6048 299
238.041 36.6114 318
238.048 36.6164 315
238.053 36.6237 300
238.057 36.6317 311
238.064 36.6360 168
238.072 36.6347 23
238.079 36.6294 37
238.086 36.6239 32
238.094 36.6198 34
238.101 36.6139 43
238.107 36.6075 35
238.115 36.6038 189
238.124 36.6047 344
238.132 36.6085 329
238.139 36.6137 320
238.145 36.6198 312
238.151 36.6267 307
238.156 36.6340 305
238.162 36.6412 304
238.166 36.6487 298
238.170 36.6568 295
238.174 36.6649 294
238.177 36.6731 290
238.180 36.6816 289
238.183 36.6900 284
238.185 36.6988 279
238.186 36.7075 279
238.187 36.7164 273
238.187 36.7253 268
238.187 36.7342 270
238.188 36.7431 276
238.189 36.7519 283
238.192 36.7604 284
238.194 36.7692 281
238.195 36.7779 280
238.197 36.7867 289
238.201 36.7945 292
238.204 36.8030 268
238.200 36.8114 246
238.196 36.8193 243
238.192 36.8273 246
238.189 36.8356 246
238.185 36.8437 241
238.181 36.8513 238
238.176 36.8590 241
238.172 36.8669 240
238.168 36.8746 238
238.163 36.8822 235
238.158 36.8894 234
238.153 36.8968 235
238.147 36.9040 236
238.143 36.9116 239
238.138 36.9193 236
238.133 36.9265 232
238.128 36.9335 230
238.122 36.9403 227
238.115 36.9466 220
238.108 36.9518 217
238.101 36.9574 216
238.094 36.9624 208
238.086 36.9659 202
238.077 36.9691 197
238.069 36.9712 183
238.060 36.9701 165
238.052 36.9666 154
238.044 36.9623 145
238.037 36.9567 145
238.029 36.9523 162
238.021 36.9515 184
238.012 36.9538 195
238.003 36.9562 192
237.995 36.9577 183
237.986 36.9573 167
237.978 36.9538 149
237.971 36.9483 156
237.962 36.9471 172
237.953 36.9461 173
237.944 36.9451 175
237.935 36.9448 180
237.926 36.9452 185
237.917 36.9465 190
237.909 36.9484 191
237.900 36.9501 192
237.891 36.9522 197
237.883 36.9555 202
237.875 36.9591 202
237.867 36.9625 205
237.859 36.9666 208
237.851 36.9708 207
237.843 36.9749 211
237.836 36.9801 215
237.828 36.9852 212
237.821 36.9898 213
237.814 36.9950 217
237.807 37.0006 216
237.799 37.0056 210
237.791 37.0096 209
237.784 37.0144 212
237.776 37.0193 217
237.770 37.0251 229
237.765 37.0326 235
237.760 37.0398 229
237.753 37.0462 222
237.746 37.0518 222
237.740 37.0581 230
237.735 37.0654 233
237.729 37.0724 232
237.724 37.0797 234
237.719 37.0870 231
237.713 37.0937 226
237.707 37.0999 220
237.700 37.1052 212
237.692 37.1094 196
237.683 37.1102 174
237.674 37.1078 166
237.666 37.1060 184
237.658 37.1092 223
237.654 37.1167 253
237.653 37.1256 256
237.650 37.1339 239
237.644 37.1407 226
237.638 37.1468 231
237.634 37.1546 241
237.629 37.1624 235
237.624 37.1691 222
237.616 37.1744 210
237.608 37.1780 205
237.600 37.1821 217
237.594 37.1886 234
237.590 37.1963 248
237.588 37.2050 255
237.586 37.2136 252
237.582 37.2219 245
237.578 37.2299 246
237.575 37.2382 259
237.575 37.2470 278
237.578 37.2554 289
237.581 37.2638 286
237.583 37.2725 283
237.585 37.2811 279
237.586 37.2900 275
237.587 37.2989 278
237.588 37.3077 278
237.590 37.3165 275
237.590 37.3254 275
237.591 37.3342 274
237.592 37.3431 270
237.591 37.3520 258
237.588 37.3602 251
237.586 37.3688 247
237.581 37.3766 238
237.577 37.3841 236
237.572 37.3914 239
237.568 37.3993 243
237.564 37.4073 244
237.560 37.4155 242
237.556 37.4232 241
237.551 37.4311 250
237.550 37.4399 261
237.549 37.4487 263
237.548 37.4576 262
237.546 37.4664 255
237.543 37.4747 245
237.539 37.4825 233
237.533 37.4888 214
237.525 37.4924 191
237.516 37.4922 172
237.507 37.4899 174
237.499 37.4907 206
237.493 37.4974 228
237.487 37.5041 228
237.481 37.5108 234
237.477 37.5183 252
237.476 37.5271 270
237.477 37.5360 281
237.480 37.5446 280
237.480 37.5534 269
237.479 37.5623 258
237.477 37.5708 261
237.477 37.5797 269
237.477 37.5885 283
237.480 37.5953 316
237.488 37.5988 325
237.494 37.6049 300
237.497 37.6134 283
237.499 37.6222 279
237.500 37.6311 275
237.500 37.6400 271
237.500 37.6489 267
237.500 37.6578 265
237.499 37.6667 264
237.498 37.6756 262
237.497 37.6844 260
237.495 37.6932 257
237.493 37.7018 253
237.490 37.7103 252
237.487 37.7189 256
237.486 37.7276 259
237.484 37.7364 260
237.483 37.7452 262
237.482 37.7541 267
237.482 37.7631 264
237.480 37.7718 269
237.482 37.7805 263
237.468 37.8133 235
237.461 37.8202 225
237.454 37.8274 222
237.446 37.8332 218
237.439 37.8400 226
237.432 37.8476 215
237.423 37.8512 202
237.414 37.8554 208
237.406 37.8607 218
237.398 37.8678 214
237.389 37.8717 197
237.379 37.8738 198
237.370 37.8780 212
237.363 37.8845 222
237.355 37.8915 217
237.347 37.8968 203
237.337 37.8995 188
237.327 37.8997 170
237.318 37.8962 148
237.310 37.8895 149
237.301 37.8864 177
237.291 37.8888 200
237.282 37.8932 203
237.273 37.8969 211
237.266 37.9034 233
237.261 37.9126 236
237.255 37.9199 219
237.246 37.9253 210
237.237 37.9300 207
237.228 37.9347 209
237.220 37.9400 217
237.212 37.9467 233
237.208 37.9558 241
237.203 37.9644 233
237.196 37.9719 225
237.189 37.9787 220
237.181 37.9849 219
237.173 37.9916 219
237.165 37.9977 214
237.157 38.0031 210
237.148 38.0078 208
237.139 38.0126 205
237.130 38.0165 200
237.120 38.0197 195
237.110 38.0219 189
237.100 38.0231 182
237.090 38.0229 178
237.080 38.0226 180
237.070 38.0231 184
237.060 38.0242 184
237.050 38.0245 173
237.040 38.0222 155
237.032 38.0162 134
237.026 38.0081 107
237.026 37.9987 70
237.033 37.9910 92
237.027 37.9855 163
237.018 37.9877 188
237.008 37.9883 183
236.998 37.9889 183
236.987 37.9896 182
236.977 37.9896 225
236.977 38.0002 294
236.984 38.0064 309
236.989 38.0152 296
236.993 38.0244 295
236.998 38.0334 295
237.002 38.0427 294
237.006 38.0518 295
237.011 38.0609 295
237.015 38.0701 294
237.019 38.0793 294
237.023 38.0885 293
237.027 38.0978 292
237.031 38.1072 292
237.035 38.1165 290
237.038 38.1260 287
237.040 38.1357 281
237.042 38.1456 276
237.043 38.1557 267
237.041 38.1655 248
237.036 38.1739 237
237.030 38.1822 246
237.028 38.1920 248
237.023 38.2007 234
237.016 38.2083 231
237.010 38.2165 233
237.004 38.2245 242
237.001 38.2339 283
237.008 38.2407 326
237.017 38.2441 315
237.020 38.2530 271
237.017 38.2621 239
237.010 38.2696 229
237.004 38.2773 229
236.998 38.2850 227
236.990 38.2921 222
236.983 38.2987 216
236.974 38.3040 204
236.965 38.3070 184
236.955 38.3056 154
236.948 38.2988 145
236.940 38.2951 182
236.931 38.2999 222
236.925 38.3081 236
236.920 38.3168 252
236.920 38.3261 279
236.924 38.3354 293
236.928 38.3446 281
236.928 38.3544 258
236.924 38.3638 250
236.921 38.3734 245
236.916 38.3819 217
236.906 38.3848 217
236.901 38.3930 248
236.899 38.4028 247
236.894 38.4112 231
236.887 38.4184 234
236.882 38.4273 236
236.876 38.4350 231
236.870 38.4431 230
236.863 38.4504 218
236.854 38.4555 206
236.845 38.4593 212
236.838 38.4661 218
236.829 38.4715 215
236.821 38.4778 211
236.812 38.4821 197
236.802 38.4838 187
236.792 38.4848 198
236.785 38.4894 223
236.779 38.4978 218
236.770 38.5011 203
236.761 38.5059 212
236.753 38.5118 213
236.744 38.5169 210
236.736 38.5220 213
236.727 38.5281 214
236.719 38.5334 204
236.709 38.5362 208
236.702 38.5423 225
236.696 38.5501 218
236.687 38.5545 202
236.677 38.5578 211
236.670 38.5646 228
236.664 38.5727 230
236.657 38.5802 227
236.651 38.5876 231
236.645 38.5960 229
236.638 38.6027 222
236.630 38.6097 225
236.623 38.6170 223
236.616 38.6237 222
236.609 38.6307 225
236.602 38.6380 235
236.597 38.6470 239
236.592 38.6553 232
236.585 38.6630 228
236.578 38.6703 225
236.571 38.6774 227
236.565 38.6851 230
236.558 38.6930 230
236.552 38.7007 226
236.544 38.7075 221
236.537 38.7141 217
236.528 38.7197 210
236.519 38.7243 208
236.511 38.7293 208
236.502 38.7340 211
236.493 38.7399 216
236.485 38.7459 216
236.477 38.7519 222
