%lon     %lat     %shoreline direction (deg true)
236.469 38.7608 230
236.463 38.7679 225
236.456 38.7740 221
236.449 38.7800 218
236.442 38.7853 212
236.434 38.7899 210
236.426 38.7946 211
236.418 38.7994 201
236.409 38.8011 199
236.402 38.8050 228
236.399 38.8136 234
236.392 38.8193 215
236.384 38.8242 212
236.376 38.8292 211
236.368 38.8338 214
236.361 38.8395 221
236.354 38.8458 226
236.348 38.8527 228
236.342 38.8596 228
236.336 38.8665 226
236.330 38.8729 220
236.322 38.8783 214
236.314 38.8835 205
236.306 38.8862 217
236.301 38.8936 238
236.296 38.9014 232
236.290 38.9079 224
236.283 38.9144 218
236.276 38.9194 223
236.270 38.9265 243
236.268 38.9353 257
236.266 38.9445 267
236.267 38.9532 291
236.273 38.9601 308
236.278 38.9675 304
236.283 38.9752 298
236.287 38.9835 296
236.292 38.9915 302
236.297 38.9991 294
236.299 39.0079 279
236.300 39.0171 274
236.301 39.0262 272
236.301 39.0354 271
236.301 39.0446 270
236.301 39.0538 267
236.300 39.0630 256
236.297 39.0713 242
236.292 39.0790 240
236.288 39.0872 249
236.286 39.0961 256
236.284 39.1051 260
236.283 39.1142 258
236.280 39.1230 253
236.277 39.1317 234
236.270 39.1371 218
236.263 39.1431 225
236.257 39.1502 241
236.254 39.1589 248
236.251 39.1673 243
236.246 39.1752 237
236.241 39.1828 236
236.236 39.1906 237
236.231 39.1984 239
236.226 39.2064 240
236.222 39.2144 249
236.220 39.2233 260
236.219 39.2324 261
236.217 39.2415 257
236.215 39.2504 245
236.210 39.2579 233
236.204 39.2653 239
236.201 39.2737 244
236.197 39.2819 240
236.192 39.2897 242
236.188 39.2977 252
236.187 39.3061 253
236.183 39.3147 257
236.183 39.3236 264
236.182 39.3327 248
236.176 39.3400 230
236.170 39.3469 248
236.170 39.3549 283
236.174 39.3629 297
236.178 39.3710 284
236.179 39.3802 276
236.180 39.3893 275
236.181 39.3985 273
236.181 39.4077 273
236.182 39.4169 273
236.182 39.4260 272
236.183 39.4352 271
236.183 39.4444 273
236.184 39.4535 281
236.187 39.4623 291
236.191 39.4706 296
236.195 39.4789 294
236.198 39.4873 288
236.201 39.4962 293
236.206 39.5039 304
236.211 39.5113 303
236.216 39.5192 293
236.218 39.5280 289
236.222 39.5364 292
236.225 39.5450 277
236.224 39.5537 262
236.223 39.5626 263
236.222 39.5718 259
236.220 39.5805 245
236.215 39.5883 234
236.209 39.5954 237
236.205 39.6035 259
236.206 39.6126 296
236.212 39.6185 283
236.209 39.6271 248
236.206 39.6355 254
236.204 39.6446 268
236.205 39.6536 265
236.203 39.6626 255
236.201 39.6712 261
236.200 39.6804 256
236.196 39.6884 238
236.191 39.6957 228
236.184 39.7022 223
236.177 39.7083 222
236.171 39.7146 234
236.167 39.7225 252
236.166 39.7315 252
236.162 39.7397 240
236.157 39.7474 246
236.155 39.7562 262
236.154 39.7654 267
236.154 39.7746 264
236.153 39.7837 263
236.152 39.7928 261
236.150 39.8017 262
236.149 39.8109 265
236.148 39.8200 254
236.144 39.8283 229
236.138 39.8328 205
236.129 39.8354 191
236.120 39.8366 198
236.112 39.8410 216
236.105 39.8472 212
236.097 39.8505 193
236.088 39.8514 208
236.083 39.8577 243
236.080 39.8665 252
236.078 39.8750 241
236.073 39.8813 239
236.069 39.8896 245
236.065 39.8979 240
236.060 39.9055 222
236.052 39.9099 208
236.044 39.9143 212
236.037 39.9198 229
236.032 39.9278 236
236.027 39.9351 233
236.022 39.9423 232
236.016 39.9495 231
236.010 39.9567 228
236.004 39.9631 216
235.996 39.9673 222
235.991 39.9748 228
235.984 39.9805 222
235.978 39.9871 223
235.971 39.9929 226
235.965 40.0000 228
235.959 40.0065 215
235.951 40.0105 205
235.943 40.0144 198
235.934 40.0163 190
235.925 40.0175 203
235.918 40.0232 230
235.914 40.0312 250
235.912 40.0401 265
235.913 40.0492 270
235.912 40.0583 261
235.910 40.0673 244
235.904 40.0745 228
235.898 40.0806 227
235.892 40.0875 228
235.886 40.0943 221
235.879 40.0995 210
235.870 40.1036 199
235.862 40.1057 201
235.854 40.1102 198
235.845 40.1111 191
235.837 40.1137 200
235.828 40.1175 204
235.820 40.1214 201
235.811 40.1243 203
235.803 40.1287 214
235.796 40.1347 224
235.790 40.1415 230
235.785 40.1488 228
235.778 40.1551 216
235.770 40.1595 213
235.764 40.1647 217
235.756 40.1702 206
235.748 40.1728 202
235.740 40.1772 209
235.732 40.1817 209
235.724 40.1859 211
235.718 40.1908 212
235.710 40.1952 208
235.702 40.1994 213
235.695 40.2053 213
235.687 40.2094 214
235.680 40.2154 221
235.673 40.2215 219
235.666 40.2270 217
235.659 40.2325 216
235.651 40.2376 214
235.644 40.2429 216
235.637 40.2486 218
235.630 40.2543 240
235.629 40.2631 268
235.629 40.2723 275
235.630 40.2813 289
235.635 40.2889 290
235.636 40.2978 287
235.640 40.3060 285
235.641 40.3149 261
235.638 40.3230 243
235.633 40.3310 242
235.629 40.3392 255
235.629 40.3484 267
235.628 40.3575 266
235.628 40.3667 257
235.624 40.3753 243
235.619 40.3830 233
235.614 40.3900 224
235.607 40.3958 220
235.600 40.4020 224
235.594 40.4087 229
235.588 40.4159 241
235.585 40.4243 246
235.581 40.4323 258
235.581 40.4414 290
235.587 40.4482 306
235.592 40.4554 305
235.597 40.4627 298
235.600 40.4711 289
235.603 40.4799 287
235.606 40.4881 278
235.605 40.4972 268
235.605 40.5063 277
235.608 40.5150 294
235.613 40.5226 309
235.619 40.5289 307
235.623 40.5368 299
235.628 40.5447 296
235.631 40.5531 294
235.635 40.5614 292
235.639 40.5700 294
235.643 40.5780 298
235.647 40.5859 300
235.652 40.5935 297
235.655 40.6019 292
235.659 40.6103 298
235.664 40.6178 301
235.668 40.6254 301
235.673 40.6330 303
235.678 40.6403 303
235.683 40.6478 303
235.688 40.6552 302
235.693 40.6630 298
235.697 40.6710 301
235.702 40.6785 303
235.707 40.6863 305
235.713 40.6932 308
235.718 40.7002 309
235.724 40.7068 308
235.729 40.7139 304
235.734 40.7214 302
235.739 40.7291 304
235.744 40.7364 304
235.749 40.7439 294
235.751 40.7525 283
235.753 40.7615 283
235.756 40.7702 302
235.762 40.7763 319
235.769 40.7820 316
235.775 40.7888 310
235.781 40.7957 306
235.786 40.8031 305
235.791 40.8102 308
235.797 40.8168 306
235.802 40.8244 299
235.806 40.8324 298
235.810 40.8404 300
235.815 40.8480 303
235.820 40.8555 299
235.824 40.8639 295
235.828 40.8720 297
235.832 40.8797 297
235.836 40.8879 292
235.839 40.8965 294
235.844 40.9043 291
235.846 40.9132 289
235.850 40.9212 288
235.852 40.9302 285
235.855 40.9387 287
235.857 40.9475 285
235.859 40.9564 284
235.862 40.9653 283
235.864 40.9743 286
235.867 40.9829 288
235.869 40.9916 288
235.872 41.0000 269
235.869 41.0086 250
235.866 41.0173 247
235.862 41.0256 239
235.857 41.0330 226
235.850 41.0387 217
235.842 41.0441 215
235.835 41.0493 227
235.830 41.0573 250
235.829 41.0663 266
235.829 41.0755 267
235.828 41.0846 264
235.827 41.0938 264
235.827 41.1029 267
235.827 41.1121 270
235.827 41.1213 270
235.827 41.1304 280
235.830 41.1390 314
235.838 41.1423 341
235.847 41.1447 330
235.854 41.1508 308
235.858 41.1583 296
235.862 41.1667 296
235.866 41.1745 292
235.869 41.1832 291
235.873 41.1912 293
235.876 41.1997 290
235.879 41.2079 285
235.880 41.2169 286
235.884 41.2249 286
235.885 41.2339 282
235.888 41.2422 286
235.890 41.2510 286
235.893 41.2595 284
235.895 41.2684 285
235.898 41.2769 286
235.900 41.2856 277
235.900 41.2945 278
235.903 41.3034 282
235.904 41.3124 279
235.906 41.3214 283
235.909 41.3301 284
235.910 41.3390 285
235.913 41.3474 287
235.915 41.3564 283
235.918 41.3653 284
235.920 41.3742 280
235.921 41.3833 275
235.922 41.3924 279
235.924 41.4014 281
235.926 41.4104 278
235.927 41.4195 274
235.927 41.4287 272
235.927 41.4379 269
235.927 41.4471 266
235.926 41.4563 265
235.926 41.4654 259
235.923 41.4742 257
235.922 41.4832 252
235.918 41.4913 251
235.916 41.5004 247
235.911 41.5072 250
235.911 41.5164 265
235.910 41.5255 258
235.907 41.5342 247
235.903 41.5424 235
235.897 41.5493 231
235.891 41.5567 241
235.888 41.5652 251
235.886 41.5739 258
235.885 41.5830 262
235.883 41.5921 255
235.880 41.6006 257
235.879 41.6096 269
235.880 41.6185 256
235.875 41.6266 242
235.871 41.6348 244
235.867 41.6433 245
235.863 41.6515 238
235.858 41.6589 231
235.852 41.6659 243
235.850 41.6744 260
235.849 41.6835 261
235.847 41.6926 257
235.845 41.7014 245
235.840 41.7090 239
235.836 41.7172 227
235.828 41.7218 213
235.821 41.7271 214
235.813 41.7322 214
235.806 41.7374 212
235.798 41.7420 200
235.789 41.7438 192
235.780 41.7460 188
235.771 41.7466 189
235.762 41.7490 204
235.754 41.7540 213
235.747 41.7592 211
235.739 41.7637 209
235.731 41.7684 212
235.723 41.7735 211
235.715 41.7778 194
235.706 41.7778 194
235.698 41.7823 217
235.692 41.7887 226
235.685 41.7956 243
235.684 41.8033 289
235.691 41.8092 320
235.698 41.8150 330
235.707 41.8180 341
235.715 41.8208 338
235.724 41.8245 338
235.732 41.8274 336
235.740 41.8318 326
235.747 41.8375 312
235.752 41.8452 303
235.757 41.8529 298
235.761 41.8612 292
235.765 41.8696 292
235.768 41.8781 291
235.771 41.8867 289
235.774 41.8954 288
235.777 41.9041 287
235.780 41.9128 284
235.782 41.9218 280
235.783 41.9309 283
235.786 41.9396 278
235.786 41.9481 267
235.785 41.9567 268
235.785 41.9659 269
235.785 41.9751 267
235.785 41.9843 264
235.783 41.9934 249
235.779 42.0011 227
