%lon     %lat     %shoreline direction (deg true)
263.651 28.3958 130
263.645 28.3884 124
263.640 28.3804 120
263.636 28.3723 119
263.631 28.3643 118
263.627 28.3561 115
263.623 28.3477 111
263.620 28.3391 115
263.615 28.3312 130
263.608 28.3251 149
263.599 28.3215 164
263.589 28.3196 168
263.579 28.3174 163
263.569 28.3138 157
263.560 28.3099 156
263.551 28.3058 157
263.542 28.3022 159
263.532 28.2987 159
263.523 28.2952 158
263.514 28.2914 156
263.505 28.2874 156
263.496 28.2834 156
263.486 28.2794 155
263.477 28.2752 154
263.469 28.2707 154
263.460 28.2665 155
263.451 28.2624 153
263.442 28.2576 151
263.433 28.2528 151
263.425 28.2483 152
263.416 28.2436 150
263.407 28.2387 150
263.399 28.2338 149
263.390 28.2288 148
263.382 28.2235 148
263.374 28.2184 148
263.365 28.2132 147
263.357 28.2078 146
263.349 28.2025 147
263.341 28.1972 147
263.333 28.1919 147
263.324 28.1866 146
263.316 28.1811 145
263.308 28.1756 145
263.300 28.1701 144
263.292 28.1645 144
263.284 28.1588 145
263.276 28.1534 145
263.268 28.1478 144
263.260 28.1421 142
263.253 28.1360 142
263.245 28.1302 143
263.237 28.1246 143
263.229 28.1187 142
263.222 28.1127 141
263.214 28.1068 141
263.207 28.1008 141
263.199 28.0948 141
263.191 28.0888 141
263.184 28.0827 141
263.176 28.0766 140
263.169 28.0704 139
263.162 28.0641 140
263.154 28.0581 139
263.147 28.0516 138
263.140 28.0452 139
263.133 28.0390 138
263.125 28.0326 137
263.118 28.0261 137
263.111 28.0196 136
263.105 28.0129 136
263.098 28.0064 135
263.091 27.9996 134
263.084 27.9929 134
263.077 27.9861 135
263.071 27.9795 135
263.064 27.9727 134
263.057 27.9658 134
263.051 27.9591 133
263.044 27.9520 132
263.038 27.9450 131
263.032 27.9379 130
263.026 27.9307 130
263.019 27.9235 130
263.013 27.9164 131
263.007 27.9093 129
263.001 27.9019 128
262.995 27.8945 129
262.989 27.8873 129
262.983 27.8799 126
262.978 27.8723 124
262.973 27.8645 121
262.968 27.8564 117
262.964 27.8481 107
262.963 27.8392 94
262.963 27.8304 111
262.956 27.8235 137
262.949 27.8175 140
262.942 27.8113 136
262.935 27.8045 133
262.929 27.7975 131
262.922 27.7902 129
262.916 27.7830 128
262.911 27.7755 126
262.905 27.7679 125
262.900 27.7603 126
262.894 27.7529 126
262.889 27.7453 125
262.883 27.7376 124
262.878 27.7300 124
262.873 27.7223 125
262.867 27.7147 125
262.862 27.7070 124
262.857 27.6993 123
262.852 27.6915 123
262.846 27.6837 122
262.842 27.6758 121
262.837 27.6679 120
262.832 27.6599 120
262.827 27.6519 119
262.823 27.6438 119
262.818 27.6358 119
262.814 27.6278 118
262.809 27.6197 118
262.805 27.6116 118
262.800 27.6035 118
262.796 27.5953 117
262.792 27.5871 117
262.788 27.5789 116
262.784 27.5707 116
262.779 27.5625 117
262.775 27.5544 118
262.770 27.5463 119
262.766 27.5383 119
262.761 27.5301 118
262.757 27.5220 118
262.753 27.5139 117
262.748 27.5057 116
262.744 27.4974 116
262.740 27.4892 116
262.736 27.4809 116
262.732 27.4727 115
262.728 27.4644 115
262.724 27.4561 114
262.721 27.4477 113
262.717 27.4393 113
262.713 27.4309 113
262.710 27.4225 113
262.706 27.4140 112
262.703 27.4055 112
262.699 27.3971 111
262.696 27.3886 110
262.693 27.3800 110
262.690 27.3714 110
262.686 27.3629 109
262.683 27.3543 108
262.681 27.3456 107
262.678 27.3369 107
262.675 27.3283 107
262.672 27.3196 107
262.670 27.3109 107
262.667 27.3023 107
262.664 27.2935 105
262.662 27.2848 105
