%lon     %lat     %shoreline direction (deg true)
276.726 29.2411 235
276.721 29.2587 228
276.705 29.2691 231
276.686 29.2736 224
276.685 29.2913 227
276.672 29.3057 232
276.658 29.3184 218
276.641 29.3293 212
276.624 29.3392 210
276.606 29.3468 219
276.590 29.3582 228
276.584 29.3753 236
276.576 29.3920 241
276.565 29.4069 243
276.555 29.4228 244
276.550 29.4403 248
276.545 29.4576 248
276.537 29.4744 246
276.527 29.4903 248
276.520 29.5071 257
276.518 29.5249 267
276.522 29.5426 269
276.524 29.5604 265
276.519 29.5779 252
276.512 29.5948 239
276.500 29.6098 231
276.486 29.6229 223
276.472 29.6357 217
276.456 29.6474 210
276.438 29.6561 207
276.419 29.6626 206
276.401 29.6721 209
276.385 29.6826 213
276.369 29.6940 222
276.353 29.7050 233
276.346 29.7216 242
276.342 29.7393 252
276.336 29.7564 252
276.331 29.7738 245
276.324 29.7906 237
276.312 29.8054 226
276.297 29.8177 213
276.280 29.8268 205
276.260 29.8321 200
276.240 29.8382 198
276.222 29.8453 200
276.202 29.8513 201
276.184 29.8593 203
276.165 29.8675 206
276.148 29.8771 206
276.131 29.8870 204
276.112 29.8939 201
276.092 29.8996 196
276.073 29.9055 195
276.052 29.9093 198
276.033 29.9151 199
276.015 29.9243 202
275.997 29.9320 206
275.979 29.9399 208
275.962 29.9503 212
275.946 29.9617 214
275.930 29.9736 212
275.913 29.9840 209
275.895 29.9922 206
275.876 30.0001 204
275.859 30.0093 199
275.840 30.0166 191
275.820 30.0175 177
275.799 30.0148 156
275.785 30.0052 137
275.777 29.9884 122
275.770 29.9715 117
275.762 29.9551 121
275.751 29.9395 126
275.740 29.9247 131
275.726 29.9109 137
275.711 29.8984 141
275.696 29.8868 143
275.680 29.8755 142
275.664 29.8635 142
275.650 29.8501 152
275.634 29.8393 170
275.617 29.8424 188
275.599 29.8524 197
275.581 29.8595 196
275.560 29.8623 191
275.540 29.8640 186
275.520 29.8680 185
275.500 29.8675 182
275.479 29.8688 171
275.459 29.8671 158
275.444 29.8554 138
275.432 29.8404 121
275.428 29.8230 122
275.423 29.8047 130
275.406 29.7947 141
275.387 29.7875 153
275.371 29.7767 155
275.352 29.7693 154
275.333 29.7614 155
275.315 29.7525 150
275.298 29.7427 145
275.283 29.7301 142
275.269 29.7171 140
275.254 29.7047 141
275.239 29.6926 145
275.223 29.6814 151
275.205 29.6718 160
275.185 29.6667 165
275.165 29.6649 167
275.145 29.6609 164
275.126 29.6538 159
275.108 29.6451 154
275.090 29.6356 152
275.073 29.6260 153
275.055 29.6168 155
275.037 29.6087 157
275.018 29.6016 158
274.999 29.5944 156
274.980 29.5866 162
274.964 29.5760 178
274.945 29.5783 193
274.931 29.5917 204
274.914 29.6020 202
274.895 29.6068 193
274.874 29.6065 194
274.854 29.6089 206
274.839 29.6202 219
274.832 29.6369 224
274.819 29.6506 219
274.801 29.6603 205
274.782 29.6667 196
274.762 29.6697 191
274.741 29.6728 187
274.721 29.6763 183
274.700 29.6768 175
274.680 29.6743 161
274.663 29.6658 166
274.652 29.6530 183
274.637 29.6616 212
274.628 29.6775 234
274.619 29.6938 243
274.611 29.7105 246
274.604 29.7275 249
274.598 29.7447 251
274.592 29.7621 254
274.588 29.7796 256
274.583 29.7973 260
274.581 29.8152 267
274.580 29.8332 277
274.583 29.8509 291
274.592 29.8670 301
274.606 29.8803 298
274.618 29.8948 281
274.616 29.9114 253
274.604 29.9257 227
274.588 29.9372 207
274.570 29.9459 195
274.550 29.9448 190
274.530 29.9455 191
274.510 29.9512 201
274.492 29.9605 211
274.477 29.9728 218
274.463 29.9860 221
274.449 29.9989 221
274.434 30.0114 223
274.419 30.0240 220
274.407 30.0387 218
274.389 30.0479 214
274.373 30.0591 208
274.355 30.0674 207
274.336 30.0758 205
274.318 30.0842 207
274.300 30.0935 210
274.284 30.1043 214
274.268 30.1161 217
274.253 30.1285 218
274.238 30.1409 217
274.222 30.1526 215
274.205 30.1635 213
274.188 30.1737 211
274.171 30.1837 210
274.154 30.1935 209
274.136 30.2033 209
274.119 30.2128 208
274.101 30.2219 207
274.083 30.2309 206
274.064 30.2394 205
274.046 30.2477 204
274.027 30.2558 203
274.008 30.2635 202
273.990 30.2710 201
273.970 30.2781 200
273.951 30.2849 200
273.932 30.2917 199
273.913 30.2984 199
273.893 30.3049 198
273.874 30.3111 197
273.854 30.3172 197
273.835 30.3230 197
273.815 30.3288 196
273.795 30.3345 196
273.775 30.3401 196
273.756 30.3458 195
273.736 30.3512 194
273.716 30.3561 193
273.696 30.3605 192
273.675 30.3644 190
273.655 30.3678 189
273.634 30.3711 188
273.614 30.3740 187
