%lon     %lat     %shoreline direction (deg true)
274.150 30.2011 208
274.131 30.2092 206
274.113 30.2188 204
274.094 30.2248 204
274.076 30.2336 203
274.057 30.2416 204
274.039 30.2500 203
274.020 30.2577 202
274.001 30.2653 201
273.982 30.2727 201
273.963 30.2797 200
273.944 30.2864 200
273.925 30.2936 199
273.905 30.3006 199
273.886 30.3067 198
273.866 30.3126 197
273.847 30.3187 197
273.827 30.3246 197
273.807 30.3305 196
273.787 30.3361 196
273.768 30.3417 195
273.748 30.3471 195
273.728 30.3523 194
273.708 30.3573 193
273.688 30.3616 191
273.667 30.3652 190
273.647 30.3686 189
273.626 30.3718 188
273.606 30.3744 187
273.585 30.3763 185
273.564 30.3781 184
273.544 30.3795 181
273.523 30.3797 181
273.502 30.3784 183
273.481 30.3800 184
273.461 30.3832 187
273.440 30.3859 187
273.420 30.3884 186
273.399 30.3903 184
273.378 30.3918 183
273.358 30.3923 181
273.337 30.3921 179
273.316 30.3914 178
273.295 30.3907 178
273.274 30.3899 177
273.254 30.3886 176
273.233 30.3867 175
273.212 30.3845 174
273.192 30.3822 174
273.171 30.3798 173
273.150 30.3773 173
273.130 30.3747 172
273.109 30.3718 171
273.089 30.3684 171
273.068 30.3649 170
273.048 30.3614 170
273.028 30.3579 170
273.007 30.3542 170
272.987 30.3507 170
272.966 30.3471 170
272.946 30.3435 170
272.926 30.3397 169
272.905 30.3357 169
272.885 30.3320 169
272.865 30.3282 170
272.844 30.3245 171
272.824 30.3212 171
272.803 30.3184 173
272.783 30.3158 174
272.762 30.3137 176
272.741 30.3122 176
272.721 30.3125 176
272.700 30.3100 178
272.679 30.3077 176
272.659 30.3092 174
272.638 30.3064 173
272.618 30.3021 169
272.598 30.2974 169
272.578 30.2935 170
272.557 30.2903 170
272.537 30.2871 170
272.516 30.2835 170
272.496 30.2795 169
272.476 30.2755 169
272.456 30.2714 169
272.435 30.2678 169
272.415 30.2643 168
272.395 30.2594 167
272.375 30.2543 167
272.355 30.2496 169
272.334 30.2459 170
272.314 30.2435 172
272.293 30.2401 172
272.273 30.2375 172
272.252 30.2349 172
272.232 30.2315 171
272.212 30.2279 172
272.191 30.2251 174
272.170 30.2237 178
272.150 30.2235 180
272.129 30.2243 182
272.108 30.2254 182
272.087 30.2262 181
272.067 30.2266 180
272.046 30.2261 177
272.025 30.2248 172
272.005 30.2221 161
271.986 30.2146 149
271.973 30.2007 149
271.960 30.1863 161
271.940 30.1836 182
271.922 30.1928 203
271.905 30.2036 216
271.890 30.2155 218
271.877 30.2294 213
271.861 30.2411 202
271.841 30.2448 189
271.820 30.2442 178
271.800 30.2421 173
271.779 30.2389 171
271.759 30.2353 170
271.739 30.2313 168
271.718 30.2272 168
271.698 30.2222 163
271.679 30.2178 166
271.663 30.2075 166
271.642 30.2077 167
271.622 30.2035 173
271.602 30.2000 171
271.581 30.1974 174
271.561 30.1949 179
271.540 30.1950 184
271.520 30.1980 188
271.500 30.2028 192
271.479 30.2070 192
271.459 30.2122 188
271.439 30.2155 185
271.418 30.2146 182
271.398 30.2138 179
271.377 30.2144 177
271.356 30.2135 178
271.336 30.2108 180
271.315 30.2110 185
271.295 30.2145 192
271.275 30.2210 195
271.256 30.2283 192
271.237 30.2314 209
271.223 30.2293 256
271.233 30.2443 325
271.249 30.2549 331
271.269 30.2537 341
271.285 30.2636 347
271.305 30.2689 330
271.324 30.2724 304
271.322 30.2843 219
271.302 30.2886 191
271.281 30.2882 180
271.261 30.2850 179
271.240 30.2844 181
271.220 30.2873 185
271.199 30.2899 189
271.179 30.2929 189
271.159 30.2969 188
271.138 30.3009 183
271.118 30.3011 178
271.097 30.2973 174
271.077 30.2937 171
271.057 30.2917 172
271.036 30.2883 174
271.016 30.2859 170
270.995 30.2848 158
270.977 30.2783 130
270.973 30.2625 100
270.982 30.2466  99
270.985 30.2300 118
270.968 30.2225 142
270.949 30.2167 152
270.931 30.2069 147
270.917 30.1942 153
270.903 30.1806 168
270.884 30.1834 169
270.867 30.1926 159
270.856 30.1821 103
270.866 30.1662  75
270.876 30.1506  70
270.882 30.1337  86
270.879 30.1167 101
270.870 30.1007 113
270.863 30.0838 117
270.854 30.0675 115
270.845 30.0512 106
270.839 30.0345  81
270.844 30.0192  50
270.863 30.0127  32
270.882 30.0073  18
270.899 29.9973  10
270.917 29.9965   6
270.936 30.0000 358
270.957 30.0000 354
270.978 30.0007 354
270.998 30.0053 353
271.017 30.0087 350
271.038 30.0100 347
271.058 30.0147 339
271.076 30.0239 329
271.090 30.0366 325
271.104 30.0499 334
271.122 30.0585 352
271.141 30.0565  14
271.158 30.0466  32
271.172 30.0335  45
271.185 30.0191  54
271.195 30.0033  62
271.202 29.9864  68
271.207 29.9691  73
271.212 29.9515  77
271.216 29.9338  82
271.218 29.9158  88
271.217 29.8978  93
271.215 29.8799  97
271.212 29.8620  99
271.209 29.8442 101
271.206 29.8264 102
271.201 29.8088 105
271.197 29.7912 110
271.190 29.7742 114
271.181 29.7581 119
271.172 29.7419 124
271.161 29.7265 128
271.148 29.7124 132
271.135 29.6988 133
271.121 29.6852 130
271.109 29.6705 127
271.100 29.6543 125
271.090 29.6387 123
271.078 29.6242 126
271.069 29.6081 127
271.057 29.5936 129
271.046 29.5786 134
271.031 29.5657 135
271.016 29.5532 138
271.003 29.5394 138
270.988 29.5269 140
270.974 29.5140 142
270.957 29.5035 143
270.942 29.4914 142
270.926 29.4798 138
270.912 29.4665 135
270.901 29.4517 134
270.888 29.4375 132
270.874 29.4246 128
270.862 29.4097 121
270.855 29.3929 111
270.850 29.3754  98
270.848 29.3575  83
270.853 29.3400  70
270.863 29.3242  58
270.874 29.3091  51
270.887 29.2952  48
270.900 29.2816  45
270.913 29.2677  42
270.928 29.2546  35
270.944 29.2438  24
270.963 29.2376  18
270.984 29.2358  20
271.003 29.2303  33
271.017 29.2169  55
271.022 29.1995  75
271.022 29.1815  93
271.021 29.1635 105
271.014 29.1466 115
271.003 29.1311 124
270.992 29.1161 129
270.980 29.1016 129
270.967 29.0875 133
270.956 29.0722 139
270.940 29.0610 142
270.922 29.0515 146
270.907 29.0400 145
270.891 29.0288 136
270.876 29.0163 131
270.869 28.9995 138
270.858 28.9839 155
