%lon     %lat     %shoreline direction (deg true)
284.952 38.4578  93
284.952 38.4759  89
284.951 38.4940  87
284.950 38.5121  86
284.949 38.5302  85
284.947 38.5483  84
284.945 38.5663  85
284.943 38.5844  84
284.941 38.6025  82
284.939 38.6205  83
284.937 38.6385  85
284.935 38.6566  84
284.933 38.6747  81
284.930 38.6926  80
284.927 38.7106  81
284.924 38.7286  82
284.922 38.7466  83
284.920 38.7646  80
284.916 38.7825  51
284.899 38.7903   2
284.878 38.7836 358
284.856 38.7890  22
285.054 39.0336 296
285.045 39.0170 293
285.039 38.9995 285
285.036 38.9817 280
285.033 38.9637 277
285.031 38.9458 254
285.042 38.9319 206
285.065 38.9292 182
285.088 38.9304 171
285.110 38.9364 164
285.131 38.9426 159
285.151 38.9520 148
285.167 38.9650 143
285.184 38.9769 148
285.202 38.9877 147
285.220 38.9997 137
285.231 39.0147 118
285.237 39.0321 115
285.247 39.0483 124
285.258 39.0639 129
285.271 39.0787 137
285.288 39.0912 137
285.300 39.1054 114
285.302 39.1231 100
285.307 39.1404 113
285.317 39.1567 124
285.328 39.1723 130
285.342 39.1869 133
285.355 39.2015 129
285.367 39.2172 127
285.379 39.2326 132
285.393 39.2467 138
285.409 39.2599 144
285.427 39.2712 152
285.447 39.2803 154
285.466 39.2903 140
285.478 39.3056 134
285.494 39.3183 146
285.512 39.3288 153
285.533 39.3378 157
285.553 39.3464 160
285.575 39.3531 161
285.596 39.3609 153
285.613 39.3726 141
285.627 39.3867 130
285.639 39.4025 131
285.653 39.4165 143
285.672 39.4276 142
285.686 39.4418 128
285.695 39.4582 117
285.703 39.4748 111
285.708 39.4921 122
285.722 39.5060 133
285.735 39.5205 128
285.746 39.5365 127
285.758 39.5516 130
285.771 39.5669 128
285.782 39.5826 126
285.794 39.5985 125
285.805 39.6143 125
285.816 39.6302 126
285.828 39.6457 128
285.840 39.6611 128
285.852 39.6766 126
285.863 39.6925 122
285.872 39.7090 119
285.881 39.7257 121
285.892 39.7416 127
285.905 39.7569 117
285.909 39.7742  99
285.911 39.7922  96
285.913 39.8102  96
285.915 39.8282  96
285.917 39.8462  97
285.919 39.8641  97
285.921 39.8821  97
285.924 39.9001  99
285.927 39.9180 102
285.931 39.9357 102
285.934 39.9536 100
285.937 39.9715 101
285.941 39.9893 103
285.945 40.0071 104
285.950 40.0248 104
285.954 40.0425 104
285.958 40.0603 102
285.962 40.0781 104
285.967 40.0958 103
285.970 40.1136 102
285.975 40.1314 105
285.980 40.1489 107
285.985 40.1665 108
285.991 40.1840 107
285.996 40.2017 107
286.002 40.2191 109
286.008 40.2366 107
286.013 40.2543 105
286.017 40.2720 104
286.022 40.2897 102
286.025 40.3076 100
286.028 40.3255  96
286.029 40.3435  92
286.029 40.3616  89
286.028 40.3796  85
286.026 40.3976  79
286.021 40.4153  81
286.020 40.4333  78
286.014 40.4507  68
286.006 40.4677 297
