%lon     %lat     %shoreline direction (deg true)
279.770 25.3186 141
279.755 25.3065 134
279.744 25.2920 111
279.742 25.2741 97
279.739 25.2562 101
279.735 25.2387 107
279.728 25.2218 117
279.718 25.2060 122
279.708 25.1907 126
279.696 25.1761 132
279.683 25.1631 117
279.682 25.1553 113
279.670 25.1403 125
279.660 25.1251 128
279.647 25.1110 131
279.635 25.0968 125
279.626 25.0809 118
279.618 25.0645 127
279.604 25.0522 144
279.587 25.0428 150
279.570 25.0330 151
279.553 25.0241 151
279.536 25.0143 145
279.522 25.0022 135
279.509 24.9879 134
279.495 24.9757 144
279.478 24.9663 146
279.464 24.9546 138
279.450 24.9412 140
279.435 24.9304 148
279.418 24.9209 145
279.403 24.9089 126
279.396 24.8930 105
279.394 24.8752 108
279.385 24.8593 135
279.369 24.8509 180
279.355 24.8589 202
279.337 24.8637 179
279.318 24.8580 159
279.300 24.8504 156
279.283 24.8423 150
279.267 24.8314 143
279.252 24.8198 143
279.236 24.8089 146
279.220 24.7983 151
279.202 24.7908 165
279.182 24.7888 171
279.163 24.7852 161
279.146 24.7764 152
279.129 24.7672 161
279.109 24.7641 163
279.091 24.7562 152
279.075 24.7465 151
279.057 24.7377 155
279.039 24.7301 154
279.022 24.7212 148
279.006 24.7103 152
278.988 24.7036 160
278.969 24.6973 161
278.951 24.6910 162
278.932 24.6855 162
278.913 24.6793 163
278.894 24.6743 178
278.876 24.6784 214
278.866 24.6932 201
278.847 24.6883 160
278.829 24.6802 159
278.811 24.6745 164
278.791 24.6699 165
278.772 24.6646 163
278.754 24.6588 161
278.735 24.6521 170
278.719 24.6526 197
278.708 24.6600 165
278.699 24.6439 131
278.683 24.6331 153
278.665 24.6270 164
278.645 24.6227 165
278.627 24.6172 164
278.608 24.6121 167
278.588 24.6084 173
278.568 24.6076 173
278.549 24.6040 163
278.531 24.5964 166
278.511 24.5952 173
278.492 24.5922 166
278.473 24.5860 182
278.456 24.5938 189
278.437 24.5921 163
278.420 24.5830 152
278.403 24.5744 162
278.383 24.5719 171
278.364 24.5683 161
278.347 24.5599 149
278.331 24.5488 152
278.313 24.5425 171
278.293 24.5433 183
278.274 24.5446 178
278.254 24.5426 174
278.234 24.5406 176
278.215 24.5400 188
278.198 24.5457 201
278.182 24.5529 190
278.163 24.5517 152
278.151 24.5373 135
278.136 24.5255 146
278.119 24.5163 157
278.100 24.5105 167
278.081 24.5081 177
278.061 24.5087 182
278.041 24.5099 184
278.022 24.5118 188
278.002 24.5160 197
277.985 24.5235 216
277.973 24.5375 252
277.975 24.5545 293
277.987 24.5686 309
277.998 24.5831 298
278.004 24.6003 297
278.015 24.6146 321
278.032 24.6222 343
278.052 24.6258 348
278.071 24.6304 347
278.090 24.6341 355
278.110 24.6336 351
278.127 24.6397 344
278.146 24.6435 346
278.166 24.6485 341
278.184 24.6558 339
278.202 24.6623 342
278.221 24.6674 347
278.241 24.6709 347
278.260 24.6756 344
278.278 24.6816 337
278.295 24.6907 330
278.312 24.7006 333
278.330 24.7080 333
278.347 24.7179 323
278.361 24.7306 324
278.377 24.7403 329
278.394 24.7502 328
278.410 24.7606 329
278.427 24.7696 336
278.446 24.7761 342
278.465 24.7813 343
278.484 24.7873 338
278.501 24.7953 331
278.518 24.8056 314
278.527 24.8214 299
