%lon     %lat     %shoreline direction (deg true) 
279.892 25.8500  70.
279.890 25.8556  79.
279.889 25.8611  79.
279.888 25.8667  79.
279.887 25.8722  79.
279.886 25.8778  90.
279.886 25.8833  90.
279.886 25.8889  80.
279.885 25.8950  90.
279.885 25.9056 100.
279.886 25.9111  90.
279.886 25.9167 100.
279.887 25.9222  90.
279.887 25.9278  90.
279.887 25.9333  79.
279.886 25.9389  90.
279.886 25.9444 100.
279.887 25.9500  90.
279.887 25.9556  90.
279.887 25.9611 100.
279.888 25.9667  90.
279.888 25.9722  90.
279.888 25.9778 100.
279.889 25.9833  90.
279.889 25.9889  90.
279.889 25.9944  90.
279.889 26.0000  90.
