%lon     %lat     %shoreline direction (deg true)
278.553 30.7227 243
278.542 30.7393 256
278.540 30.7592 267
278.543 30.7789 283
278.550 30.7978 293
278.559 30.8153 296
278.571 30.8314 295
278.577 30.8504 294
278.583 30.8694 294
278.591 30.8878 287
278.603 30.9036 283
278.600 30.9234 276
278.600 30.9433 251
278.599 30.9628 228
278.581 30.9698 203
278.561 30.9667 186
278.541 30.9679 197
278.523 30.9705 238
278.525 30.9865 297
278.542 30.9975 322
278.560 31.0056 331
278.578 31.0145 331
278.595 31.0253 325
278.611 31.0366 311
278.624 31.0509 292
278.626 31.0692 272
278.620 31.0884 264
278.614 31.1074 274
278.616 31.1260 292
278.631 31.1383 307
278.646 31.1508 316
278.658 31.1663 318
278.672 31.1806 322
278.689 31.1908 326
278.707 31.1988 323
278.723 31.2102 314
278.734 31.2267 300
278.741 31.2454 288
278.745 31.2649 283
278.748 31.2846 275
278.752 31.3042 264
278.749 31.3230 252
278.738 31.3394 247
278.726 31.3554 261
278.723 31.3741 287
278.739 31.3840 308
278.755 31.3962 319
278.769 31.4103 315
278.783 31.4251 313
278.796 31.4399 311
278.809 31.4550 308
278.821 31.4707 300
278.832 31.4876 282
278.835 31.5071 255
278.823 31.5226 251
278.805 31.5300 257
278.811 31.5492 293
278.823 31.5599 317
278.842 31.5663 323
278.858 31.5784 317
278.870 31.5941 304
278.879 31.6120 295
278.885 31.6309 289
278.891 31.6500 278
278.895 31.6693 269
278.890 31.6868 272
278.883 31.7050 282
278.893 31.7198 302
278.909 31.7319 319
278.925 31.7438 323
278.941 31.7555 322
278.957 31.7676 310
278.971 31.7815 287
278.972 31.7990 265
278.959 31.8142 263
278.951 31.8316 281
278.964 31.8453 314
278.982 31.8537 335
279.001 31.8580 342
279.020 31.8634 344
279.039 31.8701 336
279.058 31.8757 313
279.071 31.8897 272
279.059 31.9050 239
279.041 31.9131 240
279.030 31.9239 283
279.046 31.9324 333
279.066 31.9347 348
279.086 31.9362 348
279.105 31.9405 341
279.123 31.9492 332
279.140 31.9597 319
279.156 31.9724 301
279.163 31.9897 276
279.159 32.0086 258
279.147 32.0249 256
279.141 32.0427 265
279.145 32.0618 282
279.152 32.0805 301
279.163 32.0971 317
279.180 32.1064 329
279.199 32.1121 337
279.217 32.1193 337
279.235 32.1279 333
279.253 32.1372 327
279.270 32.1484 322
279.284 32.1619 320
279.298 32.1766 322
279.314 32.1883 315
279.332 32.1963 296
279.336 32.2131 266
279.324 32.2294 242
279.310 32.2434 244
279.299 32.2598 267
279.304 32.2784 308
279.321 32.2867 352
279.340 32.2822  20
279.354 32.2676  28
279.368 32.2546  23
279.388 32.2507   4
279.407 32.2540 346
279.425 32.2630 337
279.442 32.2731 333
279.460 32.2818 334
279.479 32.2902 338
279.497 32.2974 341
279.516 32.3034 342
279.536 32.3076 331
279.553 32.3145 313
279.560 32.3329 298
279.562 32.3526 288
279.569 32.3712 286
279.577 32.3892 287
279.582 32.4087 286
279.585 32.4284 292
279.592 32.4470 307
279.606 32.4593 324
279.625 32.4650 338
279.644 32.4715 345
279.663 32.4758 342
279.683 32.4802 336
279.700 32.4899 331
279.715 32.5027 327
279.731 32.5142 328
279.749 32.5237 336
279.767 32.5315 347
279.787 32.5351 353
279.806 32.5321 346
279.824 32.5327 335
279.834 32.5482 323
279.846 32.5631 318
279.862 32.5740 327
279.880 32.5832 336
279.899 32.5903 342
279.918 32.5952 347
279.938 32.5987 352
279.957 32.6006 354
279.977 32.6007 349
279.997 32.6036 340
280.014 32.6135 330
280.029 32.6266 325
280.045 32.6389 326
280.062 32.6489 329
280.080 32.6578 328
280.097 32.6677 319
280.111 32.6813 306
280.120 32.6991 294
280.125 32.7185 294
280.129 32.7380 307
280.142 32.7512 324
280.161 32.7550 336
280.181 32.7599 339
280.198 32.7692 336
280.216 32.7791 336
280.234 32.7867 337
280.253 32.7923 335
280.272 32.7999 329
280.287 32.8123 320
280.300 32.8273 316
280.313 32.8426 318
280.328 32.8554 325
280.346 32.8649 334
280.364 32.8722 339
280.384 32.8777 337
280.402 32.8840 327
280.419 32.8953 311
280.428 32.9128 303
280.431 32.9325 305
280.444 32.9469 311
280.461 32.9563 322
280.477 32.9687 329
280.493 32.9805 332
280.511 32.9882 339
280.531 32.9937 347
280.550 32.9964 353
280.570 32.9985 359
280.590 32.9985   1
280.610 32.9948 358
280.630 32.9944 347
280.649 33.0008 327
280.662 33.0156 308
280.670 33.0339 296
280.675 33.0532 299
280.684 33.0713 306
280.699 33.0835 318
280.715 33.0956 331
280.733 33.1053 330
280.752 33.1094 328
280.768 33.1222 323
280.781 33.1371 320
280.795 33.1514 316
280.813 33.1603 309
280.825 33.1764 295
280.828 33.1961 274
280.824 33.2158 266
280.818 33.2348 267
280.820 33.2547 275
280.824 33.2742 288
280.831 33.2929 288
280.842 33.3096 288
280.844 33.3294 283
280.848 33.3490 281
280.849 33.3690 286
280.857 33.3874 291
280.866 33.4053 299
280.876 33.4225 300
280.887 33.4389 302
280.897 33.4563 305
280.908 33.4729 309
280.922 33.4874 316
280.937 33.5001 321
280.954 33.5115 316
280.970 33.5233 311
280.978 33.5414 307
