%lon     %lat     %shoreline direction (deg true)
144.645 13.3632 277
144.646 13.3710 274
144.646 13.3786 286
144.650 13.3852 309
144.656 13.3910 305
144.659 13.3981 281
144.659 13.4058 245
144.653 13.4112 257
144.645 13.4678 270
144.653 13.4665   5
144.661 13.4665   9
144.669 13.4641   5
144.677 13.4651 348
144.693 13.4680 335
144.698 13.4735 312
144.703 13.4793 345
144.711 13.4770   3
144.719 13.4785 346
144.727 13.4809 347
144.735 13.4822 350
144.742 13.4835   1
144.750 13.4820 360
144.758 13.4836 339
144.765 13.4877 307
144.834 13.5883 278
144.832 13.5957 274
144.835 13.6029 278
144.834 13.6108 270
144.835 13.6186 281
144.837 13.6262 296
144.842 13.6327 304
144.846 13.6393 300
144.850 13.6464 304
144.855 13.6528 322
144.862 13.6558 355
144.870 13.6541  24
144.876 13.6497  40
144.882 13.6439  47
144.887 13.6378  51
144.892 13.6316  48
144.898 13.6257  51
144.902 13.6192  63
144.905 13.6119  56
144.911 13.6060  34
144.918 13.6030  17
144.926 13.6013   9
144.934 13.6006   6
144.942 13.5997   1
144.950 13.6003 120
144.759 13.2773 121
144.753 13.2721 141
144.747 13.2676 136
144.742 13.2615 117
144.740 13.2540 121
144.734 13.2483 144
144.727 13.2444 173
144.719 13.2465 175
144.711 13.2431 162
144.704 13.2417 175
144.696 13.2418 198
