%lon     %lat     %shoreline direction (deg true)
241.709 33.7038 183
241.699 33.7068 202
241.689 33.7118 205
241.679 33.7159 196
241.669 33.7178 185
241.656 33.7178 205
241.649 33.7262 219
241.640 33.7310 202
241.630 33.7342 192
241.619 33.7356 183
241.609 33.7355 184
241.598 33.7372 205
241.590 33.7442 226
241.584 33.7525 236
241.578 33.7618 248
241.576 33.7720 267
241.578 33.7824 290
241.583 33.7914 309
241.591 33.7986 317
241.599 33.8057 308
241.604 33.8150 289
241.606 33.8254 272
241.605 33.8360 253
241.600 33.8452 242
241.595 33.8548 246
241.591 33.8647 248
241.587 33.8746 245
241.582 33.8841 244
241.578 33.8939 246
241.574 33.9037 244
241.569 33.9132 240
241.563 33.9222 239
241.558 33.9315 240
241.553 33.9409 241
241.548 33.9501 235
241.541 33.9583 234
241.535 33.9673 238
241.530 33.9763 232
241.523 33.9842 228
241.516 33.9922 230
241.509 34.0006 228
241.501 34.0081 223
241.494 34.0152 219
241.485 34.0215 213
241.476 34.0268 206
241.466 34.0312 201
241.456 34.0346 194
241.445 34.0367 187
241.435 34.0375 180
241.424 34.0370 176
241.414 34.0363 177
241.403 34.0362 177
241.392 34.0353 176
241.382 34.0347 177
241.371 34.0343 178
241.360 34.0342 182
241.350 34.0350 181
241.339 34.0349 172
241.329 34.0324 163
241.319 34.0290 166
241.308 34.0275 176
241.298 34.0276 181
241.287 34.0282 184
241.276 34.0293 183
241.266 34.0296 175
241.255 34.0277 165
241.245 34.0244 163
241.235 34.0216 165
241.224 34.0189 156
241.215 34.0132 142
241.208 34.0061 145
241.198 34.0014 170
241.188 34.0028 202
241.180 34.0094 218
241.171 34.0162 217
241.163 34.0224 212
241.153 34.0277 204
241.143 34.0310 194
241.133 34.0330 188
241.122 34.0340 185
241.112 34.0349 185
241.101 34.0361 187
241.091 34.0376 188
241.080 34.0395 189
241.070 34.0412 187
241.059 34.0423 186
241.048 34.0438 192
241.038 34.0470 203
241.029 34.0521 207
241.019 34.0567 203
241.009 34.0606 198
240.999 34.0635 196
240.989 34.0667 201
240.979 34.0712 208
240.970 34.0769 208
240.961 34.0812 197
240.950 34.0834 190
240.940 34.0850 191
240.929 34.0877 197
240.919 34.0913 200
240.909 34.0951 190
240.899 34.0952 174
240.889 34.0929 175
240.878 34.0934 191
240.868 34.0970 204
240.859 34.1022 211
240.850 34.1082 215
240.841 34.1145 215
240.833 34.1207 216
240.824 34.1271 214
240.815 34.1329 209
240.806 34.1376 202
240.795 34.1409 196
240.785 34.1437 205
240.777 34.1498 224
240.770 34.1584 234
240.764 34.1670 238
240.759 34.1765 242
240.754 34.1860 241
240.749 34.1953 242
240.744 34.2048 243
240.740 34.2143 244
240.735 34.2239 247
240.731 34.2340 252
240.729 34.2443 253
240.725 34.2543 244
240.720 34.2632 222
240.710 34.2683 200
240.700 34.2707 193
240.689 34.2731 202
240.680 34.2786 210
240.671 34.2838 205
240.661 34.2877 210
240.653 34.2942 221
240.645 34.3017 219
240.637 34.3077 212
240.628 34.3129 198
240.617 34.3141 193
240.607 34.3178 209
240.599 34.3245 219
240.591 34.3312 217
240.582 34.3374 221
240.575 34.3452 219
240.566 34.3507 208
240.556 34.3554 212
240.548 34.3620 220
240.540 34.3691 208
240.530 34.3717 193
240.520 34.3740 197
240.510 34.3781 200
240.500 34.3814 195
240.489 34.3837 193
240.479 34.3864 192
240.468 34.3885 194
240.458 34.3918 217
240.453 34.4005 228
240.445 34.4074 209
240.435 34.4107 188
240.424 34.4106 182
240.413 34.4116 189
240.403 34.4141 191
240.393 34.4160 185
240.382 34.4162 176
240.371 34.4147 173
240.361 34.4137 177
240.350 34.4137 178
240.340 34.4132 175
240.329 34.4119 166
240.319 34.4083 153
240.310 34.4026 144
240.302 34.3958 150
240.292 34.3924 170
240.281 34.3926 184
240.271 34.3942 192
240.260 34.3971 196
240.250 34.4002 196
240.240 34.4031 196
240.230 34.4062 199
240.220 34.4102 198
240.210 34.4128 186
240.199 34.4127 178
240.188 34.4124 176
240.178 34.4113 167
240.168 34.4077 159
240.158 34.4037 166
240.147 34.4027 178
240.137 34.4032 185
240.126 34.4047 194
240.116 34.4085 206
240.107 34.4143 210
240.098 34.4193 205
240.088 34.4236 202
240.078 34.4274 201
240.068 34.4314 194
240.058 34.4327 184
240.047 34.4330 189
240.037 34.4360 201
240.027 34.4408 205
240.018 34.4451 203
240.008 34.4492 203
239.998 34.4537 199
239.988 34.4562 188
239.977 34.4570 185
239.967 34.4582 185
239.956 34.4592 181
239.945 34.4588 178
239.935 34.4586 178
239.924 34.4581 178
239.913 34.4582 184
239.903 34.4599 193
239.893 34.4630 197
239.883 34.4663 195
239.872 34.4686 190
239.862 34.4700 183
239.851 34.4700 177
239.840 34.4691 174
239.830 34.4679 175
239.819 34.4675 178
239.808 34.4675 179
239.798 34.4674 181
239.787 34.4679 180
239.776 34.4677 177
239.766 34.4669 176
239.755 34.4663 175
239.745 34.4652 176
239.734 34.4651 180
239.723 34.4655 183
239.713 34.4662 180
239.702 34.4656 172
239.692 34.4634 167
239.681 34.4609 165
239.671 34.4582 166
239.661 34.4558 170
239.650 34.4548 175
239.639 34.4543 177
239.629 34.4537 178
239.618 34.4536 178
239.607 34.4532 174
239.597 34.4514 165
239.587 34.4479 166
239.577 34.4467 178
239.566 34.4473 175
239.555 34.4452 168
239.545 34.4431 180
239.535 34.4454 202
239.526 34.4512 228
239.521 34.4607 247
239.518 34.4707 243
239.512 34.4796 232
239.505 34.4876 231
239.499 34.4961 236
239.493 34.5052 235
239.487 34.5137 230
239.480 34.5216 223
239.471 34.5283 212
239.462 34.5331 202
239.452 34.5366 197
239.442 34.5397 200
239.432 34.5441 205
239.422 34.5488 199
239.412 34.5511 186
239.401 34.5511 177
239.391 34.5501 179
239.380 34.5508 193
239.370 34.5548 212
239.363 34.5621 227
239.356 34.5705 237
239.351 34.5796 258
239.352 34.5902 278
239.354 34.6006 285
239.358 34.6107 290
239.362 34.6206 292
239.366 34.6304 294
239.371 34.6400 293
239.375 34.6499 289
239.378 34.6600 289
239.382 34.6700 291
239.386 34.6799 289
239.389 34.6900 283
239.391 34.7005 269
239.389 34.7109 252
239.384 34.7205 236
239.377 34.7283 225
239.369 34.7355 233
239.365 34.7448 255
239.364 34.7554 267
239.364 34.7660 275
239.366 34.7765 282
239.369 34.7868 290
239.374 34.7962 297
239.378 34.8056 289
239.380 34.8160 279
239.382 34.8266 276
239.383 34.8372 273
239.383 34.8478 265
239.381 34.8583 249
239.376 34.8670 225
239.367 34.8727 216
239.359 34.8796 228
239.353 34.8885 236
239.347 34.8973 216
239.335 34.9011 229
239.333 34.9133 259
239.331 34.9235 266
239.332 34.9341 278
239.334 34.9446 284
239.337 34.9547 292
239.342 34.9642 297
239.347 34.9734 291
239.350 34.9838 283
239.352 34.9942 282
239.355 35.0046 287
239.359 35.0144 290
239.362 35.0243 281
239.363 35.0349 273
239.364 35.0456 273
239.364 35.0562 273
239.365 35.0669 274
239.366 35.0775 272
239.366 35.0881 266
239.364 35.0987 263
239.363 35.1093 261
239.361 35.1197 254
239.358 35.1297 241
239.351 35.1382 224
239.343 35.1444 210
239.333 35.1488 196
239.323 35.1505 193
239.313 35.1538 209
239.304 35.1607 215
239.295 35.1660 202
239.285 35.1688 191
239.275 35.1704 180
239.264 35.1691 169
239.254 35.1664 154
239.245 35.1603 153
239.235 35.1571 184
239.226 35.1620 210
239.217 35.1678 215
239.209 35.1744 215
239.200 35.1801 203
239.190 35.1828 197
239.180 35.1863 205
239.171 35.1919 211
239.161 35.1973 204
239.151 35.2007 197
239.141 35.2036 212
239.134 35.2112 230
239.128 35.2196 228
239.120 35.2270 226
239.113 35.2351 221
239.103 35.2418 232
239.100 35.2514 259
239.099 35.2619 279
239.103 35.2716 298
239.109 35.2803 298
239.113 35.2902 290
239.117 35.3003 296
239.122 35.3090 303
239.128 35.3179 291
239.130 35.3283 279
239.132 35.3389 277
239.133 35.3495 271
239.132 35.3601 268
239.132 35.3708 266
239.131 35.3814 264
239.130 35.3920 252
239.125 35.4010 237
239.119 35.4096 241
239.115 35.4195 242
239.109 35.4284 228
239.101 35.4353 214
239.092 35.4405 204
239.082 35.4439 190
239.071 35.4445 183
239.061 35.4453 187
239.050 35.4473 193
239.040 35.4501 195
239.030 35.4529 192
239.019 35.4545 187
239.008 35.4556 187
238.998 35.4574 200
238.989 35.4629 213
238.980 35.4691 217
238.972 35.4758 221
238.965 35.4829 213
238.955 35.4871 221
238.950 35.4959 225
238.941 35.5015 217
238.934 35.5084 226
238.927 35.5162 224
238.919 35.5228 230
238.914 35.5323 236
238.907 35.5404 226
238.900 35.5478 219
238.891 35.5539 226
238.885 35.5628 243
238.881 35.5728 246
238.877 35.5823 237
238.870 35.5904 233
238.864 35.5993 233
238.857 35.6075 225
238.849 35.6144 212
238.839 35.6186 218
238.833 35.6271 228
238.826 35.6342 209
238.815 35.6369 188
238.805 35.6374 189
238.795 35.6403 201
238.785 35.6452 200
238.775 35.6477 191
238.764 35.6494 191
238.754 35.6521 199
238.744 35.6565 208
238.735 35.6623 211
238.726 35.6675 210
238.717 35.6730 217
238.709 35.6802 228
238.703 35.6887 236
238.697 35.6979 236
238.691 35.7065 233
238.685 35.7150 243
238.682 35.7250 259
238.681 35.7357 264
238.680 35.7462 244
238.672 35.7541 241
238.670 35.7647 252
238.666 35.7744 244
238.661 35.7838 233
238.653 35.7913 220
