%lon     %lat     %shoreline direction (deg true)
262.660 27.2796 105
262.658 27.2708 104
262.656 27.2620 103
262.654 27.2532 103
262.652 27.2444 104
262.649 27.2356 103
262.647 27.2268 101
262.646 27.2179 100
262.644 27.2090 99
262.643 27.2000 99
262.641 27.1911 99
262.639 27.1822 99
262.638 27.1733 97
262.637 27.1643 97
262.636 27.1553 96
262.635 27.1463 95
262.634 27.1374 96
262.633 27.1284 96
262.632 27.1194 95
262.631 27.1104 94
262.630 27.1014 93
262.630 27.0924 92
262.629 27.0834 92
262.629 27.0744 92
262.629 27.0654 93
262.628 27.0563 92
262.628 27.0473 91
262.628 27.0383 90
262.628 27.0293 89
262.628 27.0203 89
262.628 27.0112 88
262.628 27.0022 87
262.628 26.9932 87
262.629 26.9842 87
262.629 26.9752 86
262.630 26.9662 84
262.631 26.9572 85
262.632 26.9482 85
262.632 26.9392 83
262.634 26.9302 83
262.635 26.9212 83
262.636 26.9123 82
262.637 26.9033 82
262.638 26.8943 81
262.640 26.8854 80
262.641 26.8765 80
262.642 26.8675 80
262.644 26.8587 77
262.646 26.8498 77
262.648 26.8409 79
262.650 26.8320 78
262.652 26.8232 77
262.654 26.8143 77
262.656 26.8055 76
262.658 26.7967 76
262.660 26.7879 76
262.662 26.7791 75
262.665 26.7703 75
262.667 26.7615 76
262.669 26.7526 74
262.671 26.7439 74
262.674 26.7351 73
262.676 26.7265 73
262.679 26.7177 73
262.682 26.7090 72
262.684 26.7004 72
262.687 26.6916 74
262.689 26.6829 73
262.692 26.6742 72
262.695 26.6655 72
262.698 26.6568 71
262.701 26.6482 71
262.703 26.6395 71
262.706 26.6308 70
262.709 26.6223 68
262.713 26.6138 68
262.716 26.6053 68
262.719 26.5968 68
262.723 26.5883 69
262.726 26.5797 70
262.729 26.5711 69
262.732 26.5625 68
262.736 26.5541 68
262.739 26.5455 68
262.742 26.5371 70
262.745 26.5284 72
262.748 26.5197 71
262.751 26.5111 72
262.753 26.5023 71
262.757 26.4938 70
262.759 26.4852 71
262.762 26.4766 71
262.765 26.4679 72
262.768 26.4592 73
262.770 26.4504 72
262.773 26.4418 71
262.776 26.4332 73
262.779 26.4244 74
262.781 26.4156 73
262.784 26.4069 74
262.786 26.3982 73
262.789 26.3895 72
262.791 26.3808 74
262.794 26.3720 75
262.796 26.3632 75
262.798 26.3544 76
262.800 26.3455 76
262.802 26.3367 75
262.805 26.3279 73
262.807 26.3193 72
262.810 26.3106 75
262.812 26.3017 78
262.814 26.2929 77
262.816 26.2840 77
262.818 26.2752 79
262.819 26.2662 79
262.821 26.2574 77
262.823 26.2486 77
262.825 26.2397 79
262.826 26.2308 80
262.828 26.2218 81
262.829 26.2129 81
262.830 26.2039 82
262.831 26.1949 82
262.833 26.1860 82
262.834 26.1770 83
262.835 26.1680 84
262.835 26.1590 85
262.836 26.1501 82
262.838 26.1411 83
262.838 26.1321 84
262.839 26.1231 83
262.840 26.1142 83
262.842 26.1052 82
262.843 26.0962 81
262.844 26.0873 77
262.847 26.0786 72
262.850 26.0700 73
262.851 26.0621 75
262.854 26.0539 81
262.854 26.0449 89
262.854 26.0359 88
262.854 26.0268 88
262.855 26.0178 86
262.855 26.0088 85
262.856 25.9998 83
262.857 25.9909 76
262.860 25.9823 73
262.862 25.9735 85
262.862 25.9645 92
262.862 25.9555 81
