%lon     %lat     %shoreline direction (deg true)
202.336 21.2882 148
202.329 21.2820 150
202.321 21.2782 149
202.314 21.2724 138
202.311 21.2674 128
202.303 21.2599 144
202.294 21.2574 184
202.287 21.2619 225
202.284 21.2691 224
202.275 21.2729 195
202.266 21.2738 179
202.256 21.2724 168
202.247 21.2697 168
202.237 21.2685 168
202.228 21.2657 157
202.220 21.2609 151
202.212 21.2565 155
202.203 21.2531 161
202.194 21.2506 174
202.185 21.2513 195
202.176 21.2554 225
202.172 21.2635 245
202.169 21.2703 221
202.160 21.2739 212
202.153 21.2799 216
202.145 21.2848 209
202.137 21.2888 204
202.129 21.2919 189
202.025 21.3070 163
202.017 21.3019 153
202.009 21.2988 168
201.999 21.2980 185
201.990 21.3003 189
201.981 21.3009 186
201.972 21.3021 177
201.963 21.3001 159
201.955 21.2955 155
201.946 21.2923 172
201.937 21.2930 182
201.929 21.2931 175
201.920 21.2915 171
201.911 21.2902 171
201.901 21.2885 180
201.893 21.2901 207
201.886 21.2965 236
201.883 21.3048 248
201.879 21.3129 255
201.874 21.3273 248
201.872 21.3349 244
201.868 21.3407 254
201.868 21.3492 262
201.865 21.3599 243
201.857 21.3715 231
201.852 21.3764 226
201.848 21.3808 235
201.843 21.3884 227
201.836 21.3931 204
201.826 21.3960 204
201.819 21.4014 236
201.817 21.4097 271
201.819 21.4174 271
201.817 21.4259 243
201.812 21.4308 232
201.809 21.4372 246
201.806 21.4426 226
201.799 21.4469 221
201.793 21.4544 216
201.784 21.4580 218
201.779 21.4658 242
201.777 21.4715 234
201.769 21.4775 246
201.766 21.4952 262
201.766 21.5046 273
201.767 21.5140 276
201.768 21.5234 259
201.763 21.5395 242
201.756 21.5460 227
201.749 21.5526 218
201.743 21.5564 214
201.736 21.5623 215
201.727 21.5672 210
201.720 21.5714 318
201.744 21.5827 338
201.751 21.5841 350
201.760 21.5846 355
201.767 21.5857 355
201.775 21.5859 350
201.783 21.5885 349
201.791 21.5890 358
201.801 21.5890 357
201.808 21.5898 358
201.815 21.5894   6
201.824 21.5881   6
201.831 21.5878   2
201.839 21.5875 360
201.846 21.5879 350
201.853 21.5900 342
201.862 21.5932 355
201.867 21.5913 342
201.871 21.5964 326
201.879 21.5991 350
201.885 21.5986  19
201.890 21.6013 269
201.889 21.6072 288
201.893 21.6129 318
201.900 21.6172 325
201.905 21.6210 333
201.909 21.6220 333
201.913 21.6253 314
201.917 21.6305 315
201.923 21.6345 322
201.928 21.6390 322
201.932 21.6423 300
201.933 21.6478 289
201.935 21.6542 296
201.939 21.6606 304
201.944 21.6665 312
201.947 21.6690 298
201.951 21.6780 298
201.955 21.6839 320
201.961 21.6866 315
201.964 21.6926 310
201.970 21.6972 326
201.976 21.7013 330
201.983 21.7044 341
201.989 21.7065 344
201.994 21.7077 338
202.001 21.7106 338
202.008 21.7133 346
202.016 21.7152 357
202.024 21.7140  16
202.040 21.7072   1
202.046 21.7013  46
202.052 21.6949  48
202.056 21.6899  56
202.059 21.6841  53
202.072 21.6698  68
202.066 21.6679  44
202.074 21.6679  16
202.080 21.6651  75
202.077 21.6577  80
202.081 21.6523  36
202.086 21.6345  75
202.088 21.6425  72
202.088 21.6283  78
202.092 21.6206  62
202.095 21.6152  88
202.103 21.6102  21
202.110 21.6036  50
202.114 21.5968  55
202.120 21.5894  57
202.123 21.5833  95
202.126 21.5791   6
202.132 21.5777  32
202.138 21.5716  40
202.146 21.5652  40
202.150 21.5607  39
202.157 21.5563  44
202.162 21.5492  59
202.166 21.5411  58
202.172 21.5337  56
202.176 21.5260  60
202.181 21.5180  83
202.178 21.5105 117
202.173 21.5031 140
202.166 21.5001 141
202.162 21.4938 111
202.163 21.4914  77
202.164 21.4840  90
202.163 21.4760  88
202.165 21.4718  50
202.170 21.4674  11
202.271 21.4450 122
202.267 21.4373 105
202.265 21.4288 104
202.263 21.4208  82
202.267 21.4144  62
202.269 21.4087  38
202.278 21.4061  24
202.285 21.4014  38
202.292 21.3953  26
202.298 21.3960  24
202.303 21.3904  66
202.303 21.3835  74
202.307 21.3758  96
202.302 21.3722  92
202.307 21.3675  56
202.314 21.3476  44
202.317 21.3392  67
202.321 21.3316  51
