%lon     %lat     %shoreline direction (deg true)
235.759 42.0055 210
235.750 42.0110 213
235.742 42.0168 213
235.733 42.0222 211
235.725 42.0274 214
235.717 42.0335 210
235.707 42.0374 201
235.698 42.0409 210
235.690 42.0474 231
235.685 42.0562 230
235.678 42.0626 223
235.671 42.0700 227
235.664 42.0776 224
235.657 42.0842 221
235.649 42.0911 224
235.642 42.0984 232
235.637 42.1070 251
235.636 42.1169 273
235.638 42.1266 266
235.635 42.1359 249
235.631 42.1453 251
235.628 42.1550 263
235.629 42.1651 267
235.628 42.1752 256
235.624 42.1844 242
235.618 42.1929 242
235.615 42.2023 252
235.612 42.2121 251
235.608 42.2215 235
235.601 42.2283 214
235.592 42.2329 214
235.585 42.2392 233
235.581 42.2484 258
235.581 42.2584 276
235.583 42.2683 275
235.583 42.2784 263
235.581 42.2883 257
235.578 42.2981 249
235.574 42.3070 232
235.566 42.3137 228
235.560 42.3218 253
235.561 42.3319 274
235.562 42.3419 275
235.563 42.3520 272
235.563 42.3621 269
235.563 42.3723 266
235.562 42.3824 264
235.561 42.3924 261
235.559 42.4024 255
235.556 42.4120 248
235.551 42.4211 235
235.544 42.4284 216
235.535 42.4327 199
235.525 42.4349 202
235.517 42.4404 248
235.518 42.4456 320
235.528 42.4463 182
235.538 42.4447 177
235.548 42.4470 330
235.555 42.4542 299
235.557 42.4638 279
235.558 42.4739 287
235.563 42.4824 302
235.569 42.4908 298
235.573 42.5001 297
235.578 42.5087 302
235.584 42.5171 297
235.587 42.5266 293
235.592 42.5357 292
235.595 42.5453 289
235.598 42.5548 284
235.600 42.5647 265
235.597 42.5741 242
235.591 42.5822 242
235.588 42.5912 268
235.591 42.6008 281
235.592 42.6109 268
235.590 42.6208 253
235.586 42.6301 247
235.582 42.6395 249
235.579 42.6490 238
235.572 42.6562 215
235.563 42.6606 205
235.554 42.6650 209
235.546 42.6706 229
235.541 42.6796 248
235.538 42.6891 245
235.533 42.6976 243
235.529 42.7070 244
235.525 42.7159 241
235.520 42.7247 228
235.512 42.7305 205
235.502 42.7332 183
235.492 42.7317 178
235.483 42.7326 212
235.478 42.7410 246
235.475 42.7507 252
235.472 42.7603 251
235.469 42.7699 255
235.467 42.7799 259
235.465 42.7898 251
235.461 42.7989 242
235.456 42.8077 236
235.449 42.8156 224
235.441 42.8219 214
235.433 42.8270 223
235.428 42.8340 271
235.434 42.8417 311
235.441 42.8488 311
235.448 42.8567 305
235.453 42.8653 299
235.457 42.8742 306
235.465 42.8811 314
235.471 42.8887 309
235.478 42.8967 306
235.483 42.9050 303
235.489 42.9136 301
235.494 42.9223 299
235.499 42.9312 300
235.504 42.9397 299
235.509 42.9487 297
235.513 42.9577 294
235.517 42.9671 293
235.522 42.9762 294
235.526 42.9855 290
235.529 42.9951 289
235.532 43.0045 289
235.536 43.0141 288
235.539 43.0237 291
235.543 43.0328 289
235.545 43.0427 284
235.548 43.0524 284
235.550 43.0623 279
235.551 43.0724 279
235.553 43.0823 279
235.555 43.0923 273
235.555 43.1025 272
235.556 43.1124 287
235.561 43.1212 301
235.566 43.1297 295
235.569 43.1393 290
235.573 43.1486 290
235.576 43.1582 289
235.580 43.1677 290
235.584 43.1771 287
235.586 43.1869 285
235.589 43.1966 284
235.591 43.2064 278
235.592 43.2165 274
235.593 43.2266 280
235.596 43.2363 286
235.599 43.2460 287
235.602 43.2557 284
235.604 43.2655 277
235.604 43.2756 265
235.602 43.2855 251
235.598 43.2945 244
235.593 43.3036 269
235.598 43.3127 302
235.604 43.3204 309
235.610 43.3283 308
235.617 43.3361 320
235.626 43.3407 339
235.636 43.3431 336
235.644 43.3486 318
235.650 43.3562 314
235.658 43.3631 313
235.664 43.3708 306
235.670 43.3793 300
235.675 43.3882 300
235.680 43.3967 302
235.686 43.4052 299
235.690 43.4142 299
235.696 43.4228 301
235.701 43.4316 301
235.706 43.4401 298
235.710 43.4493 294
235.715 43.4585 294
235.719 43.4676 297
235.724 43.4764 295
235.728 43.4858 292
235.731 43.4951 291
235.735 43.5045 289
235.738 43.5141 290
235.742 43.5234 294
235.747 43.5325 293
235.750 43.5418 290
235.754 43.5513 287
235.756 43.5611 286
235.759 43.5708 286
235.762 43.5804 287
235.765 43.5899 285
235.768 43.5998 282
235.770 43.6097 282
235.772 43.6196 280
235.774 43.6296 282
235.776 43.6393 282
235.778 43.6493 277
235.779 43.6594 277
235.781 43.6693 285
235.784 43.6788 294
235.789 43.6877 293
235.792 43.6972 285
235.795 43.7071 283
235.797 43.7169 285
235.800 43.7266 287
235.803 43.7362 284
235.805 43.7462 284
235.808 43.7558 283
235.810 43.7658 280
235.812 43.7756 283
235.815 43.7854 282
235.816 43.7954 281
235.819 43.8052 282
235.821 43.8151 280
235.822 43.8251 279
235.824 43.8351 282
235.827 43.8449 281
235.828 43.8549 279
235.830 43.8648 281
