%lon     %lat     %shoreline direction (deg true)
235.834 43.8692 277
235.835 43.8789 286
235.839 43.8876 294
235.843 43.8965 286
235.844 43.9061 278
235.846 43.9158 275
235.846 43.9255 272
235.847 43.9353 272
235.847 43.9450 273
235.848 43.9548 272
235.848 43.9645 273
235.849 43.9743 275
235.850 43.9839 269
235.849 43.9936 266
235.849 44.0033 273
235.850 44.0130 275
235.851 44.0227 278
235.853 44.0323 280
235.854 44.0419 280
235.856 44.0515 282
235.859 44.0610 279
235.860 44.0707 275
235.860 44.0804 273
235.861 44.0901 274
235.862 44.0999 272
235.862 44.1096 270
235.862 44.1194 275
235.864 44.1290 274
235.863 44.1385 276
235.866 44.1477 280
235.867 44.1574 278
235.869 44.1670 278
235.870 44.1767 277
235.871 44.1863 276
235.872 44.1961 273
235.872 44.2058 274
235.873 44.2155 276
235.875 44.2252 277
235.876 44.2349 275
235.876 44.2447 272
235.877 44.2544 272
235.877 44.2642 267
235.876 44.2738 266
235.876 44.2836 273
235.877 44.2933 282
235.881 44.3025 282
235.882 44.3122 276
235.883 44.3219 279
235.885 44.3314 284
235.888 44.3407 282
235.889 44.3504 279
235.891 44.3600 283
235.893 44.3694 282
235.895 44.3790 277
235.896 44.3887 277
235.898 44.3983 279
235.899 44.4080 274
235.899 44.4177 273
235.900 44.4274 276
235.902 44.4371 275
235.902 44.4469 275
235.904 44.4565 276
235.904 44.4662 270
235.904 44.4759 269
235.904 44.4857 272
235.905 44.4954 275
235.906 44.5051 277
235.907 44.5148 278
235.909 44.5244 282
235.911 44.5338 282
235.913 44.5434 277
235.914 44.5531 278
235.916 44.5627 282
235.918 44.5721 284
235.920 44.5816 277
235.921 44.5913 272
235.921 44.6011 277
235.923 44.6106 278
235.924 44.6202 275
235.925 44.6298 279
235.927 44.6393 280
235.929 44.6490 275
235.929 44.6586 250
235.923 44.6654 231
235.918 44.6732 262
235.921 44.6818 291
235.925 44.6909 287
235.927 44.7003 280
235.928 44.7100 276
235.929 44.7198 273
235.929 44.7295 265
235.927 44.7390 254
235.924 44.7482 257
235.923 44.7578 256
235.920 44.7668 257
235.919 44.7765 273
235.921 44.7859 278
235.922 44.7955 289
235.927 44.8036 285
235.927 44.8131 269
235.927 44.8228 286
235.932 44.8309 303
235.938 44.8390 299
235.942 44.8479 295
235.946 44.8565 292
235.949 44.8657 287
235.952 44.8749 285
235.954 44.8844 286
235.958 44.8936 285
235.960 44.9031 283
235.962 44.9125 280
235.963 44.9222 276
235.964 44.9319 280
235.967 44.9413 282
235.969 44.9509 280
235.970 44.9605 285
235.974 44.9696 285
235.975 44.9792 278
235.976 44.9889 279
235.979 44.9984 282
235.980 45.0080 273
235.980 45.0175 264
235.978 45.0270 277
235.982 45.0357 268
235.978 45.0442 255
235.977 45.0539 269
235.978 45.0636 280
235.981 45.0726 292
235.985 45.0807 306
235.991 45.0869 318
235.999 45.0931 311
236.004 45.1010 294
236.007 45.1103 282
236.008 45.1199 285
236.012 45.1289 284
236.013 45.1386 276
236.014 45.1483 279
236.016 45.1577 283
236.019 45.1671 279
236.020 45.1768 274
236.020 45.1866 270
236.020 45.1963 263
236.018 45.2057 253
236.014 45.2149 262
236.015 45.2245 282
236.019 45.2336 284
236.020 45.2432 280
236.022 45.2527 282
236.024 45.2623 278
236.025 45.2720 274
236.025 45.2817 271
236.026 45.2915 272
236.026 45.3012 268
236.025 45.3109 258
236.022 45.3202 243
236.017 45.3280 216
236.007 45.3310 194
235.998 45.3329 213
235.993 45.3400 284
236.001 45.3440 331
236.010 45.3490 318
236.015 45.3564 296
236.018 45.3658 284
236.020 45.3754 280
236.021 45.3850 276
236.022 45.3948 276
236.023 45.4044 278
236.025 45.4140 275
236.025 45.4238 267
236.024 45.4335 260
236.022 45.4430 252
236.019 45.4519 247
236.015 45.4608 270
236.019 45.4696 279
236.018 45.4788 264
236.017 45.4882 288
236.023 45.4946 309
236.028 45.5023 297
236.032 45.5114 284
236.033 45.5211 280
236.035 45.5306 282
236.038 45.5400 276
236.037 45.5497 255
236.033 45.5582 242
236.029 45.5667 266
236.032 45.5758 286
236.034 45.5852 284
236.037 45.5945 284
236.039 45.6039 281
236.041 45.6136 281
236.043 45.6230 282
236.045 45.6326 276
236.045 45.6424 272
236.045 45.6521 271
236.046 45.6619 273
236.046 45.6716 273
236.047 45.6814 269
236.046 45.6911 268
236.046 45.7009 268
236.046 45.7107 265
236.045 45.7203 255
236.041 45.7293 236
236.034 45.7359 227
236.028 45.7432 235
236.024 45.7518 225
236.015 45.7562 226
236.010 45.7647 268
236.015 45.7733 293
236.019 45.7821 287
236.021 45.7917 276
236.021 45.8014 274
236.022 45.8111 278
236.024 45.8207 276
236.024 45.8304 272
236.025 45.8402 268
236.024 45.8499 267
236.024 45.8597 270
236.024 45.8694 265
236.023 45.8790 262
236.022 45.8887 265
236.021 45.8985 257
236.018 45.9075 246
236.013 45.9163 243
236.009 45.9250 234
236.002 45.9319 241
236.000 45.9411 274
236.003 45.9500 314
236.012 45.9536 325
236.019 45.9604 306
236.023 45.9686 312
236.031 45.9738 337
236.040 45.9757 349
236.050 45.9775 328
236.055 45.9846 291
236.056 45.9943 277
236.058 46.0039 278
236.059 46.0136 276
236.060 46.0233 271
236.060 46.0331 265
236.059 46.0427 260
236.057 46.0523 260
236.055 46.0620 260
236.054 46.0716 255
236.050 46.0809 251
236.047 46.0901 251
236.044 46.0994 252
236.042 46.1088 249
236.037 46.1176 247
236.034 46.1267 251
236.031 46.1361 249
236.027 46.1450 244
236.023 46.1536 240
236.018 46.1620 245
236.015 46.1712 245
236.010 46.1796 232
236.003 46.1865 224
235.996 46.1932 235
235.992 46.2021 248
235.989 46.2112 233
235.981 46.2171 220
235.974 46.2233 219
235.918 46.2647 223
235.913 46.2716 250
235.913 46.2807 274
235.914 46.2897 277
235.915 46.2986 285
235.919 46.3068 290
235.922 46.3154 281
235.923 46.3245 278
235.924 46.3335 280
235.926 46.3424 278
235.927 46.3515 274
235.927 46.3606 273
235.928 46.3697 273
235.928 46.3788 273
235.929 46.3879 273
235.929 46.3971 273
235.930 46.4062 275
235.931 46.4152 276
235.932 46.4243 273
235.932 46.4334 269
235.932 46.4425 266
235.931 46.4516 268
235.931 46.4607 273
235.932 46.4698 271
235.932 46.4790 266
235.931 46.4880 263
235.930 46.4971 264
235.929 46.5062 265
235.929 46.5153 265
235.928 46.5244 263
235.927 46.5335 262
235.926 46.5425 264
235.925 46.5516 266
235.924 46.5608 264
235.923 46.5698 261
235.922 46.5788 261
235.921 46.5879 266
235.921 46.5970 270
235.921 46.6061 269
235.921 46.6152 254
235.916 46.6232 256
235.916 46.6316 279
235.919 46.6394 255
235.913 46.6451 214
235.904 46.6491 234
235.903 46.6574 258
235.888 46.7105 250
235.885 46.7190 268
235.888 46.7283 287
235.891 46.7378 280
235.892 46.7477 271
235.891 46.7577 266
235.890 46.7676 262
235.889 46.7774 261
235.888 46.7872 262
