%lon     %lat     %shoreline direction (deg true)
271.571 30.1960 170
271.561 30.1946 175
271.550 30.1943 181
271.540 30.1952 186
271.530 30.1967 188
271.519 30.1981 190
271.509 30.2005 198
271.500 30.2046 212
271.493 30.2108 217
271.485 30.2164 189
271.477 30.2141 166
271.468 30.2122 178
271.457 30.2138 189
271.447 30.2154 185
271.437 30.2156 179
271.427 30.2153 181
271.416 30.2160 186
271.406 30.2176 189
271.396 30.2192 188
271.386 30.2206 186
271.375 30.2216 185
271.365 30.2224 185
271.355 30.2234 186
271.345 30.2248 188
271.334 30.2265 189
271.324 30.2283 191
271.314 30.2306 194
271.304 30.2334 193
271.294 30.2354 186
271.284 30.2358 177
271.274 30.2347 174
271.263 30.2338 176
271.253 30.2334 176
271.243 30.2325 169
271.233 30.2296 161
271.223 30.2259 168
271.213 30.2257 183
271.203 30.2274 196
271.194 30.2315 205
271.185 30.2360 194
271.175 30.2365 175
271.165 30.2345 172
271.155 30.2338 178
271.144 30.2340 178
271.134 30.2332 172
271.124 30.2312 153
271.117 30.2249 135
271.110 30.2179 140
271.102 30.2127 157
271.092 30.2103 168
271.082 30.2086 163
271.073 30.2045 157
271.063 30.2009 163
271.053 30.1986 168
271.043 30.1968 180
271.033 30.1989 209
271.027 30.2058 234
271.022 30.2136 217
271.012 30.2159 192
271.002 30.2181 189
270.992 30.2194 177
270.982 30.2172 175
270.972 30.2177 179
270.962 30.2169 166
270.952 30.2130 153
270.944 30.2078 146
270.936 30.2020 141
270.929 30.1958 133
270.923 30.1883 126
270.917 30.1806 124
270.912 30.1729 127
270.906 30.1657 122
270.902 30.1573 112
270.899 30.1488 109
270.896 30.1402 116
270.891 30.1325 133
270.883 30.1264 142
270.875 30.1205 142
270.868 30.1144 135
270.862 30.1071 125
270.857 30.0992 121
270.852 30.0913 121
270.847 30.0832 115
270.844 30.0747 103
270.843 30.0658 94
270.843 30.0568 94
270.842 30.0478 102
270.839 30.0392 112
270.835 30.0309 117
270.830 30.0228 119
270.825 30.0149 120
270.821 30.0068 107
270.820 29.9981 80
270.824 29.9898 57
270.830 29.9827 54
270.834 29.9751 79
270.833 29.9662 99
270.831 29.9574 96
270.831 29.9484 83
270.833 29.9398 62
270.839 29.9325 53
270.844 29.9250 76
270.843 29.9164 105
270.839 29.9081 119
270.834 29.9003 126
270.828 29.8930 131
270.821 29.8861 142
270.813 29.8815 156
270.803 29.8782 159
270.794 29.8744 167
270.784 29.8739 181
270.774 29.8750 180
270.764 29.8740 166
270.755 29.8705 160
270.745 29.8674 162
270.735 29.8643 142
270.731 29.8570 127
270.724 29.8502 157
270.714 29.8506 177
270.704 29.8493 160
270.696 29.8442 123
270.695 29.8354 85
270.697 29.8268 87
270.695 29.8180 114
270.690 29.8105 124
270.685 29.8025 118
270.681 29.7950 225
270.688 29.7979 170
270.697 29.7969 13
270.707 29.7933 46
270.709 29.7848 70
270.713 29.7762 72
270.715 29.7687 114
270.706 29.7642 164
270.696 29.7637 181
270.686 29.7649 187
270.675 29.7665 187
270.665 29.7675 178
270.655 29.7659 158
270.647 29.7604 142
270.640 29.7540 139
270.633 29.7479 142
270.625 29.7420 142
270.617 29.7360 139
270.610 29.7294 130
270.605 29.7218 114
270.603 29.7132 94
270.603 29.7042 88
270.603 29.6953 104
270.599 29.6874 132
270.591 29.6822 142
270.584 29.6761 108
270.585 29.6680 64
270.592 29.6609 49
270.598 29.6536 54
270.602 29.6456 72
270.603 29.6371 105
270.598 29.6296 135
270.590 29.6243 152
270.580 29.6206 161
270.570 29.6179 167
270.560 29.6163 173
270.550 29.6156 177
270.540 29.6155 183
270.529 29.6167 190
270.520 29.6191 198
270.510 29.6231 200
270.501 29.6260 187
270.491 29.6259 178
270.480 29.6254 159
270.474 29.6200 116
270.473 29.6114 80
270.477 29.6029 58
270.483 29.5958 41
270.491 29.5903 38
270.498 29.5839 55
270.501 29.5755 84
270.500 29.5668 98
270.499 29.5578 96
270.498 29.5489 94
270.497 29.5399 77
270.502 29.5319 53
270.508 29.5251 56
270.512 29.5167 93
270.507 29.5087 125
270.501 29.5016 124
270.497 29.4933 113
270.493 29.4848 97
270.494 29.4759 71
270.499 29.4680 59
270.504 29.4599 66
270.507 29.4512 70
270.510 29.4429 46
270.519 29.4387 14
270.529 29.4381 1
270.539 29.4381 0
270.549 29.4380 7
270.559 29.4354 23
270.567 29.4301 40
270.574 29.4231 47
270.580 29.4160 38
270.589 29.4114 14
270.598 29.4115 350
270.608 29.4148 350
270.618 29.4146 15
270.626 29.4097 31
270.634 29.4045 23
270.644 29.4019 6
270.654 29.4021 359
270.664 29.4021 7
270.674 29.3994 17
270.684 29.3962 9
270.694 29.3962 349
270.703 29.3997 342
270.712 29.4020 358
270.722 29.4003 13
270.732 29.3972 17
270.742 29.3942 15
270.752 29.3918 7
270.762 29.3916 357
270.772 29.3928 354
270.782 29.3934 357
270.792 29.3935 2
270.803 29.3924 9
270.813 29.3900 27
270.819 29.3842 60
270.821 29.3755 83
270.821 29.3665 75
270.825 29.3586 53
270.832 29.3518 43
270.839 29.3453 41
270.846 29.3389 42
270.853 29.3322 46
270.859 29.3250 49
270.865 29.3177 49
270.872 29.3106 46
270.879 29.3040 42
270.886 29.2976 41
270.893 29.2912 42
270.900 29.2846 43
270.907 29.2779 44
270.914 29.2712 44
270.921 29.2644 44
270.927 29.2577 44
270.934 29.2511 38
270.943 29.2457 27
270.952 29.2419 18
270.962 29.2392 12
270.972 29.2376 8
270.982 29.2363 9
270.992 29.2342 13
271.002 29.2317 18
271.011 29.2280 29
271.019 29.2222 48
271.023 29.2143 68
271.025 29.2055 79
271.027 29.1966 82
271.028 29.1876 85
271.028 29.1786 89
271.028 29.1697 100
271.025 29.1611 111
271.021 29.1527 111
271.018 29.1441 112
271.014 29.1358 119
271.009 29.1280 126
271.003 29.1207 134
270.996 29.1144 139
270.988 29.1083 138
270.981 29.1016 134
270.975 29.0946 131
270.969 29.0874 127
270.964 29.0796 122
270.959 29.0716 124
270.953 29.0642 134
270.946 29.0582 146
270.937 29.0535 152
270.928 29.0489 152
270.919 29.0444 155
270.910 29.0405 153
270.902 29.0355 141
270.895 29.0286 136
270.888 29.0224 140
270.880 29.0163 133
270.875 29.0088 125
270.869 29.0012 126
270.863 28.9937 115
270.861 28.9850 110
270.857 28.9769 144
270.847 28.9752 187
270.838 28.9794 203
270.829 28.9831 197
270.819 28.9856 196
270.809 28.9888 202
270.800 28.9931 203
270.791 28.9967 202
270.782 29.0007 204
270.773 29.0050 204
270.763 29.0090 202
270.754 29.0126 194
270.744 29.0140 182
270.734 29.0136 178
270.723 29.0134 174
270.713 29.0117 161
270.705 29.0072 150
270.696 29.0019 147
270.688 28.9967 145
270.680 28.9909 140
270.673 28.9845 137
270.666 28.9779 133
270.660 28.9707 131
270.653 28.9636 135
270.646 28.9572 140
270.638 28.9513 158
270.630 28.9506 217
270.628 28.9594 269
270.630 28.9683 281
270.632 28.9770 269
270.630 28.9854 231
270.621 28.9899 185
270.613 28.9871 141
270.608 28.9792 115
270.605 28.9706 110
270.602 28.9621 100
270.602 28.9534 76
270.606 28.9452 67
270.608 28.9370 100
270.603 28.9299 135
270.595 28.9242 147
270.586 28.9196 157
270.577 28.9166 161
270.567 28.9131 176
270.559 28.9153 241
270.562 28.9239 281
270.562 28.9329 268
270.561 28.9418 266
270.561 28.9508 277
270.563 28.9596 286
270.566 28.9682 286
270.569 28.9770 289
270.573 28.9853 297
270.577 28.9933 296
270.581 29.0017 287
270.583 29.0106 281
270.585 29.0195 277
270.585 29.0284 266
270.583 29.0373 254
270.580 29.0459 248
270.577 29.0543 247
270.573 29.0627 248
270.570 29.0713 250
270.567 29.0800 251
270.564 29.0886 247
270.560 29.0969 244
270.556 29.1052 244
270.552 29.1134 242
270.548 29.1216 242
270.543 29.1299 243
270.539 29.1382 241
270.535 29.1462 236
270.529 29.1538 232
270.523 29.1611 230
270.517 29.1684 229
270.511 29.1755 224
270.504 29.1819 217
270.496 29.1875 212
270.487 29.1924 206
270.478 29.1965 201
270.468 29.1997 199
270.459 29.2031 200
270.449 29.2067 198
270.440 29.2095 196
270.430 29.2124 197
270.420 29.2155 200
270.411 29.2194 203
270.402 29.2233 203
270.393 29.2273 205
270.384 29.2320 208
270.375 29.2368 209
270.366 29.2416 209
270.358 29.2466 210
270.349 29.2517 210
270.341 29.2568 211
270.333 29.2621 212
270.324 29.2673 209
270.315 29.2719 205
270.306 29.2759 204
270.297 29.2801 202
270.288 29.2835 194
270.277 29.2853 188
270.267 29.2866 186
270.257 29.2876 186
270.247 29.2890 187
270.237 29.2903 186
270.227 29.2913 185
270.216 29.2922 185
270.206 29.2931 182
270.196 29.2932 176
270.186 29.2918 169
270.176 29.2894 164
270.166 29.2863 163
270.156 29.2836 165
270.146 29.2814 168
270.136 29.2796 169
270.126 29.2778 165
270.117 29.2747 158
270.108 29.2705 150
270.100 29.2649 135
270.094 29.2574 123
270.089 29.2494 124
270.083 29.2420 130
270.077 29.2350 138
270.069 29.2294 153
270.059 29.2263 166
270.049 29.2247 171
270.039 29.2232 170
270.029 29.2214 167
270.019 29.2188 159
270.011 29.2143 144
270.004 29.2077 126
270.000 29.1996 109
269.998 29.1907 108
269.994 29.1827 131
269.986 29.1773 150
269.977 29.1733 152
269.968 29.1682 146
269.960 29.1626 147
269.952 29.1575 153
269.942 29.1538 155
269.934 29.1494 144
269.927 29.1426 130
269.921 29.1350 128
269.915 29.1278 136
269.908 29.1219 146
269.899 29.1171 148
269.891 29.1116 142
269.884 29.1053 140
269.876 29.0993 143
269.868 29.0938 147
269.859 29.0888 149
269.851 29.0838 151
269.842 29.0793 156
269.833 29.0757 162
269.823 29.0732 167
269.813 29.0713 167
269.803 29.0690 164
269.793 29.0659 162
269.784 29.0629 164
269.774 29.0606 172
269.764 29.0604 186
269.754 29.0628 191
269.744 29.0645 177
269.734 29.0619 160
269.725 29.0577 157
269.716 29.0544 160
269.706 29.0511 161
269.697 29.0480 162
269.687 29.0449 161
269.678 29.0414 156
269.669 29.0370 154
269.660 29.0327 160
269.650 29.0304 171
269.640 29.0298 179
269.629 29.0301 185
269.619 29.0317 187
269.609 29.0328 183
269.599 29.0328 179
269.589 29.0326 180
269.578 29.0329 183
269.568 29.0340 187
269.558 29.0357 191
269.548 29.0381 194
269.538 29.0407 194
269.529 29.0433 195
269.519 29.0461 195
269.509 29.0488 193
269.499 29.0509 192
269.489 29.0534 195
269.480 29.0562 192
269.469 29.0577 180
269.459 29.0565 167
269.450 29.0532 159
269.441 29.0497 165
269.431 29.0482 173
269.420 29.0473 172
269.410 29.0454 168
269.400 29.0430 167
269.390 29.0409 170
269.380 29.0398 175
269.370 29.0391 175
269.360 29.0383 174
269.350 29.0372 174
269.339 29.0362 176
269.329 29.0358 176
269.319 29.0351 172
269.309 29.0330 165
269.299 29.0300 163
269.290 29.0272 164
269.280 29.0246 165
269.270 29.0220 164
269.260 29.0193 164
269.250 29.0166 167
269.240 29.0150 172
269.230 29.0140 173
269.220 29.0129 174
269.210 29.0122 176
269.199 29.0117 177
269.189 29.0114 178
269.179 29.0112 177
269.169 29.0105 175
269.159 29.0097 177
269.148 29.0097 183
269.138 29.0110 187
269.128 29.0125 186
269.118 29.0134 184
269.108 29.0141 184
269.097 29.0149 185
269.087 29.0161 185
269.077 29.0167 183
269.067 29.0172 183
269.057 29.0181 187
269.046 29.0198 191
269.037 29.0220 192
269.027 29.0242 189
269.016 29.0254 184
269.006 29.0258 180
268.996 29.0258 179
268.986 29.0256 177
268.975 29.0247 172
268.965 29.0228 168
268.956 29.0205 168
268.945 29.0186 170
268.935 29.0172 173
268.925 29.0162 174
268.915 29.0153 174
268.905 29.0144 173
268.895 29.0131 170
268.885 29.0109 162
268.875 29.0070 154
268.867 29.0023 151
268.858 28.9975 151
268.849 28.9929 153
268.840 28.9887 157
268.831 28.9851 161
268.821 28.9823 165
268.811 28.9800 167
268.801 28.9779 169
268.791 28.9762 173
268.781 28.9756 181
268.771 28.9768 190
268.761 28.9793 197
268.752 28.9829 206
268.743 28.9880 215
268.736 28.9941 221
268.729 29.0007 225
268.722 29.0078 232
268.717 29.0156 243
268.714 29.0241 258
268.713 29.0331 270
268.714 29.0421 279
268.717 29.0508 289
268.720 29.0592 294
268.724 29.0676 289
268.727 29.0763 282
268.728 29.0852 276
268.728 29.0942 270
268.728 29.1033 267
268.728 29.1123 266
268.727 29.1213 265
268.726 29.1303 265
268.725 29.1393 264
268.724 29.1482 262
268.723 29.1572 260
268.721 29.1661 257
268.719 29.1748 245
268.714 29.1825 224
268.706 29.1879 206
268.696 29.1911 196
268.686 29.1934 193
268.677 29.1960 197
268.667 29.1996 203
268.658 29.2040 208
268.650 29.2090 210
268.641 29.2140 209
268.632 29.2188 206
268.623 29.2229 198
268.613 29.2253 191
268.603 29.2269 192
268.594 29.2298 198
268.584 29.2334 199
268.575 29.2364 194
268.565 29.2386 191
268.554 29.2404 191
