%lon     %lat     %shoreline direction (deg true)
279.932 26.3537 277
279.934 26.3717 275
279.934 26.3898 274
279.935 26.4078 275
279.937 26.4258 277
279.940 26.4437 279
279.943 26.4616 281
279.946 26.4795 281
279.951 26.4971 281
279.954 26.5149 281
279.957 26.5328 280
279.960 26.5506 278
279.963 26.5686 277
279.965 26.5866 274
279.965 26.6047 272
279.965 26.6228 272
279.966 26.6408 272
279.967 26.6589 273
279.968 26.6770 273
279.969 26.6950 272
279.970 26.7131 272
279.970 26.7312 272
279.970 26.7493 272
279.972 26.7673 271
279.973 26.7853 268
279.972 26.8034 263
279.968 26.8211 258
279.963 26.8386 255
279.958 26.8562 254
279.953 26.8738 254
279.948 26.8912 254
279.942 26.9086 254
279.938 26.9263 252
279.932 26.9437 251
279.925 26.9606 251
279.919 26.9779 252
279.914 26.9955 254
279.910 27.0132 253
279.905 27.0305 251
279.898 27.0476 248
279.891 27.0644 245
279.883 27.0811 244
279.873 27.0970 247
279.865 27.1136 251
279.862 27.1314 253
279.860 27.1493 252
279.852 27.1660 249
279.843 27.1824 244
279.836 27.1991 243
279.827 27.2156 243
279.819 27.2320 243
279.810 27.2484 243
279.802 27.2649 244
279.794 27.2816 245
279.786 27.2983 246
279.779 27.3152 246
279.772 27.3320 246
279.764 27.3488 245
279.756 27.3654 244
279.748 27.3819 245
279.740 27.3984 247
279.733 27.4154 249
279.727 27.4328 252
279.722 27.4503 251
279.717 27.4677 253
279.710 27.4846 251
279.706 27.5023 251
279.699 27.5193 252
279.693 27.5365 251
279.687 27.5538 254
279.682 27.5714 253
279.679 27.5893 245
279.672 27.6054 244
279.658 27.6174 245
279.652 27.6343 247
279.649 27.6521 255
279.644 27.6698 255
279.639 27.6873 253
279.633 27.7046 252
279.628 27.7220 249
279.622 27.7393 246
279.613 27.7556 243
279.603 27.7714 240
279.594 27.7875 240
279.585 27.8036 241
279.576 27.8199 241
279.567 27.8361 242
279.559 27.8526 242
279.550 27.8690 242
279.541 27.8852 241
279.532 27.9015 241
279.523 27.9176 241
279.514 27.9337 241
279.505 27.9499 242
279.496 27.9663 242
279.488 27.9828 243
279.479 27.9992 243
279.471 28.0157 243
279.462 28.0322 244
279.455 28.0489 246
279.447 28.0658 248
279.441 28.0829 250
279.435 28.1002 251
279.429 28.1175 253
279.424 28.1351 254
279.419 28.1527 255
279.415 28.1703 257
279.410 28.1880 258
279.407 28.2058 260
279.404 28.2237 261
279.402 28.2417 262
279.399 28.2597 264
279.397 28.2777 265
279.396 28.2957 268
279.396 28.3138 271
279.396 28.3319 274
279.398 28.3499 278
279.401 28.3677 284
279.406 28.3853 289
279.413 28.4022 298
279.422 28.4184 315
279.436 28.4314 337
279.454 28.4332 354
279.474 28.4284   7
279.494 28.4254   5
279.514 28.4223 347
279.533 28.4257 295
279.521 28.4393 242
279.506 28.4514 225
279.492 28.4644 228
279.479 28.4786 227
279.470 28.4949 230
279.455 28.5067 236
279.444 28.5220 239
279.438 28.5392 249
279.433 28.5569 251
279.429 28.5745 247
279.421 28.5911 240
279.409 28.6059 234
279.397 28.6204 231
279.385 28.6350 232
279.373 28.6498 233
279.363 28.6653 233
279.351 28.6805 233
279.340 28.6952 232
279.328 28.7102 232
279.317 28.7252 233
279.305 28.7401 233
279.294 28.7552 234
279.283 28.7706 235
279.273 28.7863 236
279.262 28.8019 237
279.252 28.8175 237
279.242 28.8333 238
279.232 28.8491 238
279.222 28.8650 237
279.212 28.8808 236
279.201 28.8961 236
279.191 28.9115 235
279.180 28.9272 236
279.170 28.9426 236
279.159 28.9582 236
279.149 28.9739 237
279.139 28.9895 238
279.129 29.0055 238
279.119 29.0214 241
279.110 29.0376 243
279.102 29.0543 239
279.096 29.0710 236
279.082 29.0845 233
279.069 29.0985 231
279.058 29.1137 235
279.048 29.1295 238
279.039 29.1457 241
279.029 29.1619 242
279.021 29.1785 242
279.012 29.1948 244
279.004 29.2113 244
278.996 29.2282 244
278.988 29.2448 244
278.980 29.2613 243
278.971 29.2776 243
278.963 29.2942 243
278.955 29.3109 244
278.947 29.3276 245
278.939 29.3443 245
278.931 29.3610 245
278.923 29.3777 245
278.916 29.3946 245
278.908 29.4114 245
278.900 29.4280 245
278.892 29.4448 245
278.885 29.4616 245
278.877 29.4783 244
278.869 29.4949 244
278.860 29.5114 244
278.852 29.5280 244
278.844 29.5447 245
278.836 29.5614 246
278.829 29.5783 246
278.822 29.5953 247
278.814 29.6122 247
278.807 29.6292 247
278.800 29.6460 247
278.793 29.6630 249
278.786 29.6802 250
278.781 29.6976 249
278.775 29.7149 249
278.767 29.7316 248
278.760 29.7485 248
278.753 29.7657 251
278.748 29.7831 255
278.744 29.8008 259
278.741 29.8188 262
278.739 29.8368 264
278.738 29.8548 263
278.736 29.8728 263
278.733 29.8906 252
278.731 29.9087 244
278.717 29.9211 242
278.706 29.9363 239
278.699 29.9534 247
278.693 29.9708 251
278.689 29.9884 254
278.682 30.0055 255
278.679 30.0234 255
278.674 30.0410 258
278.669 30.0586 257
278.667 30.0765 258
278.663 30.0943 258
278.659 30.1121 257
278.654 30.1296 256
278.650 30.1474 256
