%lon     %lat     %shoreline direction (deg true)
284.954 38.4480  95
284.953 38.4390  97
284.952 38.4302  99
284.949 38.4214 101
284.947 38.4126 102
284.945 38.4038 104
284.943 38.3950 105
284.941 38.3863 106
284.938 38.3777 106
284.936 38.3689 106
284.933 38.3603 109
284.929 38.3520 114
284.925 38.3435 113
284.922 38.3350 114
284.918 38.3267 118
284.913 38.3191 132
284.908 38.3156 136
284.902 38.3080 128
284.896 38.3003 123
284.892 38.2921 114
284.889 38.2834 110
284.886 38.2750 114
284.881 38.2667 116
284.878 38.2585 115
284.873 38.2501 115
284.870 38.2417 115
284.866 38.2334 116
284.862 38.2250 115
284.858 38.2167 116
284.855 38.2086 115
284.851 38.2002 112
284.847 38.1921 113
284.843 38.1837 111
284.842 38.1750 109
284.839 38.1664 109
284.834 38.1577 109
284.832 38.1490 109
284.829 38.1405 110
284.826 38.1320 111
284.823 38.1234 111
284.818 38.1149 115
284.814 38.1066 119
284.810 38.0985 122
284.805 38.0907 123
284.799 38.0826 124
284.795 38.0748 124
284.790 38.0667 123
284.783 38.0588 124
284.779 38.0508 122
284.773 38.0428 127
284.768 38.0354 130
284.762 38.0280 124
284.756 38.0201 125
284.750 38.0128 129
284.744 38.0052 128
284.738 37.9976 128
284.732 37.9901 127
284.727 37.9824 127
284.721 37.9747 130
284.715 37.9675 130
284.709 37.9603 128
284.703 37.9525 124
284.698 37.9446 123
284.693 37.9369 122
284.688 37.9288 120
284.684 37.9214 124
284.678 37.9137 122
284.674 37.9060 116
284.671 37.8975 116
284.666 37.8893 121
284.661 37.8812 118
284.657 37.8727 119
284.652 37.8649 122
284.647 37.8567 130
284.639 37.8504 164
284.010 36.9191  55
284.014 36.9115  71
284.016 36.9032  80
284.017 36.8950  78
284.019 36.8864  76
284.021 36.8778  75
284.024 36.8692  74
284.026 36.8606  73
284.029 36.8520  73
284.031 36.8433  75
284.034 36.8348  78
284.035 36.8271  83
284.035 36.8181  81
284.038 36.8092  76
284.042 36.8004  74
284.044 36.7916  70
284.047 36.7831  68
284.050 36.7745  69
284.053 36.7658  70
284.056 36.7572  70
284.059 36.7486  71
284.062 36.7401  66
284.066 36.7320  66
284.069 36.7234  72
284.072 36.7147  72
284.075 36.7061  70
284.079 36.6975  67
284.082 36.6892  62
284.087 36.6811  61
284.092 36.6728  60
284.096 36.6649  60
284.101 36.6566  63
284.104 36.6486  63
284.109 36.6404  66
284.112 36.6319  67
284.116 36.6236  68
284.120 36.6149  70
284.122 36.6064  70
284.126 36.5979  72
284.127 36.5894  75
284.131 36.5808  78
284.132 36.5720  75
284.134 36.5634  76
284.135 36.5545  82
284.137 36.5460  82
284.139 36.5373  78
284.140 36.5288  77
284.144 36.5201  81
284.143 36.5113  83
284.144 36.5024  82
284.146 36.4937  74
284.149 36.4854  60
284.154 36.4781  47
284.162 36.4715  44
284.169 36.4643  53
284.174 36.4562  59
284.178 36.4480  61
284.183 36.4397  63
284.187 36.4313  64
284.191 36.4228  66
284.194 36.4143  67
284.198 36.4057  67
284.202 36.3973  66
284.206 36.3888  67
284.209 36.3802  68
284.212 36.3716  69
284.216 36.3629  70
284.219 36.3543  70
284.222 36.3456  71
284.225 36.3369  73
284.227 36.3281  73
284.230 36.3194  73
284.233 36.3106  75
284.235 36.3017  75
284.237 36.2929  75
284.240 36.2841  76
284.242 36.2752  77
284.244 36.2663  77
284.246 36.2575  78
284.247 36.2485  79
284.249 36.2396  78
