%lon     %lat     %shoreline direction (deg true)
279.418 28.5402 244
279.417 28.5566 240
279.419 28.5715 249
279.407 28.5856 244
279.395 28.6001 236
279.388 28.6169 238
279.378 28.6328 239
279.368 28.6483 236
279.357 28.6640 235
279.345 28.6785 237
279.335 28.6941 236
279.327 28.7104 236
279.316 28.7257 236
279.304 28.7406 234
279.293 28.7557 234
279.282 28.7711 235
279.272 28.7867 236
279.261 28.8023 237
279.251 28.8180 237
279.241 28.8338 238
279.231 28.8496 237
279.222 28.8654 237
279.211 28.8809 236
279.200 28.8962 236
279.190 28.9118 236
279.180 28.9274 236
279.169 28.9429 236
279.158 28.9583 236
279.148 28.9739 237
279.138 28.9897 238
279.128 29.0055 238
279.118 29.0213 240
279.109 29.0374 241
279.101 29.0540 239
279.092 29.0702 236
279.080 29.0848 234
279.067 29.0994 233
279.056 29.1146 236
279.046 29.1304 239
279.037 29.1466 240
279.029 29.1630 242
279.020 29.1793 242
279.011 29.1957 243
279.003 29.2122 244
278.995 29.2289 244
278.987 29.2457 244
278.979 29.2620 243
278.970 29.2784 243
278.962 29.2949 244
278.954 29.3116 244
278.946 29.3284 245
278.938 29.3450 245
278.930 29.3617 244
278.922 29.3784 245
278.914 29.3950 245
278.906 29.4118 245
278.899 29.4286 246
278.891 29.4453 245
278.884 29.4621 245
278.876 29.4788 245
278.868 29.4954 244
278.859 29.5120 244
278.851 29.5286 244
278.843 29.5452 245
278.835 29.5619 246
278.828 29.5788 246
278.821 29.5957 247
278.814 29.6127 247
278.806 29.6296 247
278.799 29.6465 247
278.792 29.6635 249
278.785 29.6806 249
278.780 29.6979 249
278.773 29.7150 249
278.766 29.7319 248
278.758 29.7488 249
278.752 29.7660 252
278.747 29.7834 255
278.743 29.8011 259
278.740 29.8191 262
278.738 29.8370 262
278.736 29.8550 262
278.733 29.8728 259
278.731 29.8908 251
278.724 29.9079 246
278.713 29.9230 243
278.703 29.9390 244
278.697 29.9562 250
278.692 29.9738 254
278.687 29.9913 255
278.683 30.0090 256
278.678 30.0266 256
278.674 30.0443 257
278.670 30.0620 257
278.666 30.0798 257
278.662 30.0975 257
278.658 30.1152 256
278.654 30.1328 256
278.649 30.1505 256
278.645 30.1681 255
278.640 30.1857 255
278.635 30.2032 255
278.630 30.2208 255
278.625 30.2384 256
278.621 30.2560 257
278.617 30.2738 258
278.614 30.2916 259
278.610 30.3094 261
278.608 30.3273 263
278.606 30.3453 267
278.605 30.3633 270
278.606 30.3814 264
278.608 30.3991 262
278.599 30.4152 258
278.595 30.4330 259
278.592 30.4507 269
278.595 30.4685 263
278.598 30.4859 260
278.587 30.5014 246
278.580 30.5182 240
278.567 30.5325 247
278.561 30.5495 253
278.559 30.5675 264
278.559 30.5856 272
278.560 30.6036 275
278.563 30.6215 279
278.566 30.6394 281
278.570 30.6571 283
278.574 30.6748 272
278.579 30.6917 266
278.569 30.7072 249
278.565 30.7234 240
278.551 30.7356 248
278.544 30.7525 255
278.544 30.7706 273
278.547 30.7883 287
278.554 30.8054 295
278.565 30.8210 296
278.574 30.8370 295
278.579 30.8545 292
278.585 30.8720 298
278.592 30.8888 312
278.608 30.9001 306
278.627 30.9064 296
278.616 30.9163 280
278.612 30.9310 265
278.617 30.9486 278
278.621 30.9662 284
278.626 30.9838 285
278.631 31.0014 285
278.635 31.0190 284
278.640 31.0366 277
278.644 31.0543 265
278.640 31.0715 251
278.629 31.0870 249
278.618 31.1021 251
278.621 31.1155 277
278.619 31.1301 305
278.635 31.1410 309
278.652 31.1511 316
278.663 31.1662 318
278.673 31.1815 324
278.690 31.1905 328
278.711 31.1945 329
278.726 31.2052 319
278.737 31.2201 305
278.743 31.2369 291
278.752 31.2530 273
278.751 31.2704 279
278.741 31.2862 288
278.752 31.2910 291
278.766 31.2969 291
278.768 31.3137 264
278.757 31.3287 253
278.746 31.3438 253
278.746 31.3610 271
278.748 31.3789 292
278.758 31.3941 303
278.772 31.4076 312
278.785 31.4215 314
278.798 31.4355 312
278.811 31.4498 310
278.824 31.4644 306
278.835 31.4798 297
278.843 31.4963 276
278.844 31.5141 259
278.830 31.5270 261
278.823 31.5428 277
278.834 31.5581 304
278.850 31.5694 316
278.866 31.5808 313
278.878 31.5959 304
278.885 31.6127 294
278.891 31.6300 291
278.896 31.6475 291
278.903 31.6644 289
278.911 31.6810 286
278.915 31.6987 282
278.916 31.7166 288
278.918 31.7332 300
278.933 31.7462 313
278.949 31.7578 323
278.965 31.7694 323
278.982 31.7804 317
278.996 31.7933 310
279.005 31.8096 300
279.013 31.8262 294
279.018 31.8435 300
279.025 31.8599 317
279.041 31.8711 334
279.061 31.8710 332
279.080 31.8740 326
279.082 31.8910 307
279.093 31.9066 293
279.100 31.9234 308
279.108 31.9390 313
279.126 31.9477 321
279.142 31.9598 328
279.158 31.9703 314
279.173 31.9799 293
279.174 31.9971 263
279.164 32.0132 247
279.151 32.0273 251
279.146 32.0430 261
279.153 32.0599 274
279.154 32.0776 281
279.156 32.0955 278
279.160 32.1133 270
279.163 32.1311 282
279.154 32.1469 293
279.169 32.1571 294
