%lon     %lat     %shoreline direction (deg true)
265.649 29.5500 159
265.630 29.5431 160
265.611 29.5358 160
265.593 29.5285 159
265.573 29.5222 160
265.555 29.5148 159
265.535 29.5084 159
265.517 29.5000 160
265.498 29.4937 159
265.479 29.4867 159
265.462 29.4797 158
265.444 29.4716 157
265.426 29.4642 156
265.407 29.4563 156
265.389 29.4476 154
265.371 29.4393 151
265.355 29.4294 150
265.339 29.4186 146
265.322 29.4081 138
265.308 29.3957 126
265.299 29.3796 101
265.298 29.3621  98
265.310 29.3479 103
265.299 29.3328 120
265.285 29.3204 139
265.268 29.3101 145
265.254 29.2992 150
265.237 29.2898 149
265.219 29.2820 152
265.204 29.2722 150
265.187 29.2633 150
265.171 29.2517 150
265.153 29.2438 149
265.136 29.2333 151
265.119 29.2233 150
265.101 29.2135 150
265.084 29.2037 150
265.067 29.1935 149
265.050 29.1834 149
265.033 29.1732 149
265.016 29.1632 149
264.999 29.1530 149
264.982 29.1430 148
264.966 29.1324 147
264.949 29.1215 146
264.933 29.1104 141
264.917 29.0987 137
264.906 29.0838 136
264.894 29.0693 137
264.878 29.0580 141
264.862 29.0466 146
264.846 29.0351 146
264.829 29.0259 148
264.813 29.0141 147
264.795 29.0055 145
264.781 28.9922 143
264.765 28.9816 139
264.751 28.9681 137
264.737 28.9553 137
264.726 28.9406 133
264.710 28.9310 132
264.702 28.9148 136
264.688 28.9015 133
264.673 28.8890 139
264.659 28.8757 145
264.644 28.8639 154
264.625 28.8583 163
264.605 28.8565 168
264.585 28.8525 166
264.566 28.8469 161
264.548 28.8393 157
264.531 28.8307 154
264.513 28.8219 153
264.495 28.8129 152
264.478 28.8032 152
264.461 28.7935 151
264.443 28.7848 151
264.426 28.7747 153
264.409 28.7645 153
264.390 28.7572 154
264.372 28.7493 155
264.355 28.7398 154
264.337 28.7314 153
264.319 28.7225 153
264.302 28.7129 152
264.284 28.7039 152
264.267 28.6942 152
264.249 28.6849 153
264.231 28.6761 154
264.213 28.6679 154
264.195 28.6591 155
264.177 28.6502 156
264.159 28.6424 156
264.140 28.6349 158
264.122 28.6269 158
264.103 28.6197 158
264.085 28.6121 159
264.066 28.6050 159
264.047 28.5985 159
264.028 28.5911 159
264.010 28.5835 159
263.991 28.5766 158
263.972 28.5693 159
263.954 28.5617 158
263.935 28.5543 158
263.917 28.5469 157
263.898 28.5390 156
263.880 28.5304 155
263.862 28.5219 155
263.844 28.5136 154
263.826 28.5050 153
263.809 28.4953 153
263.791 28.4864 152
263.774 28.4771 152
263.757 28.4676 151
263.739 28.4583 150
263.722 28.4484 149
263.705 28.4382 145
263.689 28.4271 145
263.678 28.4150 142
263.661 28.4062 136
263.648 28.3927 133
263.638 28.3770 122
263.628 28.3612 118
263.622 28.3441 126
263.613 28.3279 138
263.595 28.3194 150
263.576 28.3152 159
263.558 28.3074 161
263.540 28.3003 158
263.521 28.2937 158
263.502 28.2859 157
263.484 28.2777 156
263.466 28.2695 154
263.448 28.2608 153
263.431 28.2513 152
263.414 28.2421 150
263.396 28.2323 150
263.380 28.2218 148
263.363 28.2114 147
263.347 28.2010 147
263.331 28.1901 147
263.314 28.1793 146
263.298 28.1684 146
263.282 28.1572 144
263.266 28.1461 144
263.251 28.1341 143
263.235 28.1229 143
263.220 28.1110 143
263.204 28.0993 142
263.189 28.0871 141
263.175 28.0748 140
263.160 28.0623 140
263.145 28.0502 139
263.131 28.0372 138
263.117 28.0242 137
263.103 28.0111 136
263.089 27.9980 136
263.076 27.9845 135
263.062 27.9711 134
263.049 27.9575 133
263.036 27.9434 132
263.024 27.9292 131
263.012 27.9147 130
262.999 27.9003 129
262.988 27.8857 126
262.976 27.8707 121
262.967 27.8546 118
