%lon     %lat     %shoreline direction (deg true)
288.089 41.3271 192
288.078 41.3249 184
288.067 41.3288 193
288.057 41.3297 167
288.048 41.3244 150
288.040 41.3199 157
288.032 41.3178 148
288.026 41.3109 151
288.016 41.3087 171
288.004 41.3076 172
287.994 41.3057 188
287.984 41.3104 195
287.973 41.3111 187
287.963 41.3130 191
287.952 41.3150 176
287.942 41.3117 177
287.933 41.3142 176
287.906 41.3092 159
287.901 41.3018 139
287.892 41.2968 169
287.883 41.2983 184
287.871 41.2982 187
287.860 41.3000 202
287.851 41.3063 198
287.841 41.3073 180
287.831 41.3062 195
287.823 41.3122 213
287.814 41.3174 187
287.805 41.3146 139
287.802 41.3064 106
287.800 41.2977  99
287.799 41.2891 122
287.791 41.2835 182
287.783 41.2897 200
287.771 41.2907 191
287.762 41.2935 179
287.752 41.2903 152
287.745 41.2843 149
287.735 41.2800 166
287.723 41.2790 170
287.712 41.2760 168
287.700 41.2741 163
287.651 41.2626 182
287.639 41.2626 176
287.628 41.2609 174
287.617 41.2602 185
287.606 41.2628 202
287.597 41.2681 205
287.587 41.2718 186
287.575 41.2704 179
287.564 41.2714 165
287.556 41.2652 158
287.544 41.2635 163
287.537 41.2593 182
287.527 41.2640 194
287.522 41.2629  65
287.530 41.2576  97
287.521 41.2542 186
287.513 41.2595 189
287.503 41.2570 161
287.493 41.2524 166
287.482 41.2521 178
287.472 41.2517 157
287.467 41.2455 154
287.462 41.2465 185
287.454 41.2465 201
287.446 41.2526 217
287.438 41.2591 214
287.429 41.2644 199
287.417 41.2663 183
287.406 41.2655 181
287.395 41.2667 184
287.383 41.2669 175
287.372 41.2649 164
287.361 41.2607 156
287.351 41.2558 156
287.341 41.2516 162
287.330 41.2487 162
287.321 41.2453 165
287.311 41.2437 173
287.299 41.2427 183
287.289 41.2449 196
287.280 41.2484 191
287.269 41.2490 191
287.259 41.2526 193
287.253 41.2526 134
287.252 41.2450 142
287.242 41.2442 206
287.237 41.2520 209
287.226 41.2531 171
287.222 41.2496 172
287.214 41.2513 187
287.202 41.2518 166
287.193 41.2463 173
287.183 41.2493 194
287.172 41.2517 175
287.162 41.2476 167
287.150 41.2465 163
287.141 41.2411 154
287.131 41.2371 164
287.120 41.2349 181
287.110 41.2375 195
287.101 41.2401 207
287.095 41.2452 234
287.091 41.2533 259
287.091 41.2622 267
287.091 41.2702 231
287.085 41.2700 126
287.084 41.2613 108
287.080 41.2530 123
287.073 41.2454 142
287.065 41.2413 171
287.053 41.2422 181
287.042 41.2416 169
287.032 41.2380 148
287.025 41.2312 153
287.014 41.2289 151
287.008 41.2217 145
286.998 41.2174 141
286.993 41.2095 130
286.986 41.2026 159
286.977 41.2031 172
286.967 41.1998 174
286.958 41.2012 174
286.950 41.1982 134
286.950 41.1932 111
286.945 41.1868 159
286.935 41.1875 183
286.924 41.1879 165
286.915 41.1821 135
286.910 41.1740 113
286.908 41.1654 103
286.906 41.1566 120
286.899 41.1506 148
286.889 41.1461 163
286.878 41.1441 158
286.872 41.1389 166
286.862 41.1400 195
286.852 41.1441 200
286.841 41.1475 193
286.830 41.1494 196
286.820 41.1536 188
286.809 41.1525 170
286.797 41.1497 158
286.788 41.1441 150
286.780 41.1400 158
286.776 41.1391 151
286.768 41.1329 105
286.772 41.1255  40
286.782 41.1209  81
286.774 41.1151 169
286.763 41.1172 185
286.751 41.1171 170
286.741 41.1133 167
286.732 41.1127 191
286.721 41.1170 193
286.710 41.1178 176
286.699 41.1154 164
286.689 41.1117 167
286.677 41.1105 170
286.666 41.1076 161
286.656 41.1035 155
286.647 41.0986 134
286.645 41.0917  51
286.655 41.0884  50
286.653 41.0824 141
286.643 41.0786 173
286.631 41.0702 112
286.627 41.0624 140
286.616 41.0582 164
286.606 41.0566 160
286.597 41.0512 159
286.586 41.0491 162
286.576 41.0443 178
286.572 41.0487 286
286.579 41.0545 284
286.574 41.0567 174
286.565 41.0531 168
286.554 41.0526 170
286.544 41.0494 166
286.533 41.0474 154
286.526 41.0407 134
286.521 41.0347 168
286.511 41.0373 170
286.505 41.0320 162
286.495 41.0321 166
286.485 41.0273 136
286.481 41.0191 136
286.472 41.0143 175
286.464 41.0177 183
286.459 41.0150 168
286.448 41.0144 176
286.440 41.0135 151
286.434 41.0062 127
286.429 40.9988 152
286.417 40.9977 187
286.408 41.0015 204
286.401 41.0049 185
286.390 41.0031 168
286.379 41.0002 165
286.368 40.9974 148
286.363 40.9898 150
286.352 40.9878 153
286.346 40.9811 114
286.345 40.9725 113
286.339 40.9650 143
286.329 40.9609 153
286.321 40.9556 131
286.317 40.9473 126
286.310 40.9405 141
286.301 40.9343 165
286.290 40.9353 173
286.280 40.9317 147
286.274 40.9251 144
286.264 40.9202 151
286.257 40.9159 148
286.249 40.9103 150
286.239 40.9058 140
286.236 40.8994 129
286.229 40.8923 134
286.222 40.8855 103
286.227 40.8837 346
286.234 40.8883  26
286.235 40.8796 125
286.227 40.8784 161
286.219 40.8740 140
286.213 40.8667 125
286.210 40.8606  74
286.216 40.8567  50
286.220 40.8484  75
286.220 40.8395 121
286.213 40.8366 135
286.209 40.8282 111
286.206 40.8196  96
286.207 40.8109  15
286.234 40.8123 345
286.238 40.8190 297
286.241 40.8270 286
286.242 40.8349 310
286.251 40.8388   6
286.259 40.8333  30
286.269 40.8284  23
286.279 40.8249 327
286.276 40.8330 231
286.267 40.8386 223
286.261 40.8462 256
286.264 40.8543 298
286.269 40.8600 293
286.269 40.8674 313
286.279 40.8715 348
286.290 40.8720  10
286.300 40.8678  21
286.311 40.8639  17
286.322 40.8611  27
286.329 40.8547  51
286.334 40.8470  57
286.339 40.8393  47
286.344 40.8359 294
286.341 40.8437 274
286.345 40.8518 279
286.344 40.8602 260
286.342 40.8689 271
286.343 40.8775 298
286.350 40.8846 310
286.356 40.8924 308
286.363 40.8999 322
286.371 40.9035 354
286.382 40.9018 354
286.392 40.9056 338
286.402 40.9100 340
286.413 40.9131 342
286.424 40.9169 348
286.435 40.9175  10
286.445 40.9131  13
286.456 40.9125 349
286.466 40.9173 319
286.471 40.9252 346
286.481 40.9210  25
286.491 40.9161  46
286.494 40.9076  99
286.520 40.8961 241
286.514 40.9040 238
286.509 40.9121 239
286.503 40.9196 237
286.500 40.9273 272
286.506 40.9352 302
286.510 40.9433 309
286.517 40.9497 355
286.526 40.9445  24
286.537 40.9412  13
286.548 40.9394   8
286.559 40.9380  17
286.569 40.9329  42
286.574 40.9250  85
286.592 40.9217 268
286.593 40.9306 276
286.593 40.9394 280
286.596 40.9479 292
286.601 40.9561 322
286.610 40.9589  18
286.616 40.9512  50
286.623 40.9440  46
286.630 40.9380  34
286.640 40.9323  20
286.651 40.9294 350
286.659 40.9355 340
286.670 40.9363   1
286.681 40.9353   8
286.693 40.9331  12
286.704 40.9304  14
286.714 40.9275  17
286.725 40.9240  18
286.736 40.9207  12
286.747 40.9194   3
286.759 40.9197   4
286.770 40.9180  12
286.780 40.9149   3
286.792 40.9169 346
286.803 40.9204 344
286.814 40.9230 345
286.825 40.9262 340
286.835 40.9307 329
286.843 40.9372 317
286.850 40.9444 298
286.852 40.9532 254
286.846 40.9589 225
286.838 40.9667 269
286.845 40.9706 353
286.857 40.9691 357
286.868 40.9719 337
286.877 40.9777 343
286.887 40.9776  14
286.896 40.9728  13
286.908 40.9728 351
286.919 40.9761 357
286.929 40.9739  14
286.939 40.9709  13
286.951 40.9686   6
286.962 40.9686 357
286.973 40.9698 356
286.985 40.9703 356
286.996 40.9714 353
287.008 40.9731 354
287.020 40.9737 352
287.031 40.9765 357
287.042 40.9749  17
287.052 40.9702  11
287.064 40.9709 358
287.076 40.9711   2
287.087 40.9701   5
287.099 40.9692   5
287.111 40.9678   1
287.122 40.9687 356
287.134 40.9696 355
287.146 40.9707 343
287.154 40.9757 340
287.166 40.9781 357
287.177 40.9771  14
287.187 40.9725  15
287.199 40.9713   5
287.210 40.9705   5
287.221 40.9693   2
287.233 40.9707 354
287.244 40.9716 350
287.256 40.9736 346
287.267 40.9771 335
287.275 40.9823 332
287.285 40.9865 358
287.293 40.9828   1
287.303 40.9860 360
287.313 40.9829   7
287.324 40.9835 357
287.335 40.9840 355
287.346 40.9854 355
287.358 40.9858 358
287.369 40.9863 348
287.380 40.9903 339
287.390 40.9945 342
287.401 40.9974 344
287.412 41.0009 337
287.422 41.0061 332
287.431 41.0111 329
287.439 41.0169 327
287.449 41.0224 325
287.457 41.0290 323
287.465 41.0350 326
287.474 41.0409 329
287.484 41.0461 333
287.493 41.0505 346
287.499 41.0498 326
287.502 41.0565 319
287.512 41.0611 331
287.520 41.0666 329
287.529 41.0717 335
287.536 41.0737  86
287.530 41.0661 123
287.529 41.0635 334
287.537 41.0697 315
287.543 41.0769 311
287.549 41.0843 323
287.559 41.0888 346
287.570 41.0897 354
287.582 41.0913 345
287.592 41.0955 337
287.602 41.0999 327
287.609 41.1068 309
287.613 41.1149 314
287.624 41.1209 329
287.633 41.1261 323
287.640 41.1331 312
287.646 41.1406 329
287.657 41.1434 358
287.668 41.1412 359
287.679 41.1437 337
287.688 41.1495 334
287.698 41.1530 337
287.708 41.1591 342
287.719 41.1599   2
287.731 41.1574   1
287.742 41.1624 351
287.754 41.1640 355
287.765 41.1616  40
287.925 41.0152  40
287.936 41.0192 330
287.944 41.0256 342
287.955 41.0255   8
287.965 41.0235   2
287.977 41.0247 338
287.985 41.0306 321
287.993 41.0378 318
288.001 41.0443 325
288.010 41.0509 349
288.021 41.0480  18
288.030 41.0433   1
288.039 41.0476 306
288.039 41.0563 263
288.035 41.0649 276
288.041 41.0732 319
288.051 41.0770 348
288.062 41.0777 350
288.073 41.0819 343
288.084 41.0845 341
288.095 41.0881 355
288.106 41.0863  17
288.114 41.0820  15
288.126 41.0809   4
288.137 41.0805  18
288.146 41.0742  68
288.143 41.0659 125
288.135 41.0594 136
288.129 41.0510 141
288.120 41.0459 158
288.109 41.0438 157
288.099 41.0384 161
288.088 41.0365 169
288.077 41.0341 166
288.065 41.0309 163
288.054 41.0276 164
288.043 41.0245 162
288.033 41.0206 161
288.022 41.0172 159
288.012 41.0126 159
288.001 41.0091 158
287.992 41.0042 156
287.981 41.0000 160
287.970 40.9964 161
287.960 40.9926 161
287.949 40.9890 162
287.938 40.9856 161
287.927 40.9817 161
287.917 40.9781 163
287.906 40.9748 164
287.894 40.9716 163
287.884 40.9682 161
287.873 40.9642 159
287.862 40.9601 159
287.852 40.9562 159
287.841 40.9521 159
287.831 40.9480 160
287.820 40.9443 161
287.809 40.9406 160
287.798 40.9366 160
287.788 40.9328 159
287.777 40.9285 160
287.766 40.9250 161
287.756 40.9210 159
287.745 40.9168 158
287.735 40.9127 158
287.724 40.9084 158
287.714 40.9042 157
287.704 40.8997 159
287.693 40.8960 160
287.683 40.8919 159
287.672 40.8878 159
287.662 40.8838 159
287.651 40.8797 160
287.640 40.8761 161
287.630 40.8722 159
287.619 40.8681 160
287.609 40.8643 160
287.598 40.8605 161
287.587 40.8569 162
287.576 40.8535 162
287.566 40.8500 162
287.555 40.8465 163
287.544 40.8432 163
287.533 40.8399 167
287.513 40.8347 162
287.502 40.8315 164
287.491 40.8285 163
287.480 40.8250 164
287.469 40.8220 164
287.458 40.8187 163
287.447 40.8154 164
287.436 40.8124 165
287.425 40.8096 164
287.414 40.8063 163
287.403 40.8028 164
287.392 40.7999 166
287.381 40.7974 165
287.370 40.7940 165
287.358 40.7906 165
287.348 40.7882 164
287.337 40.7853 164
287.326 40.7820 164
287.315 40.7791 166
287.303 40.7763 166
287.292 40.7733 165
287.281 40.7702 165
287.270 40.7672 163
287.259 40.7635 165
287.239 40.7586 150
287.228 40.7562 165
287.217 40.7529 165
287.206 40.7502 165
287.195 40.7470 164
287.184 40.7438 163
287.173 40.7403 163
287.162 40.7371 164
287.151 40.7339 162
287.140 40.7301 162
287.129 40.7268 164
287.118 40.7237 164
287.107 40.7203 162
287.097 40.7167 161
287.086 40.7129 160
287.075 40.7091 161
287.064 40.7054 160
287.054 40.7013 160
287.043 40.6975 160
287.032 40.6937 159
287.022 40.6895 158
287.012 40.6854 160
287.001 40.6816 159
286.990 40.6775 161
286.979 40.6741 163
286.968 40.6709 163
286.957 40.6675 163
286.946 40.6644 164
286.935 40.6611 164
286.924 40.6581 165
286.913 40.6552 168
286.902 40.6531 167
286.891 40.6502 167
286.879 40.6478 168
286.868 40.6453 167
286.857 40.6427 168
286.845 40.6406 169
286.834 40.6383 168
286.822 40.6359 167
286.811 40.6332 166
286.800 40.6304 166
286.788 40.6277 168
286.777 40.6255 169
286.766 40.6234 170
286.754 40.6213 170
286.743 40.6194 173
286.731 40.6185 177
286.719 40.6181 179
286.707 40.6180 182
286.696 40.6188 194
286.687 40.6231 199
286.666 40.6285 183
286.655 40.6263 171
286.644 40.6248 169
286.632 40.6219 165
286.621 40.6187 164
286.610 40.6156 164
286.599 40.6125 165
286.588 40.6096 162
286.578 40.6056 163
286.567 40.6031 171
286.556 40.6019 171
286.544 40.5994 167
286.533 40.5968 167
286.522 40.5943 169
286.510 40.5925 171
286.499 40.5906 168
286.488 40.5877 167
286.477 40.5854 169
286.466 40.5834 167
286.455 40.5803 164
286.444 40.5770 163
286.433 40.5736 181
286.400 40.5828 195
286.389 40.5820 179
286.377 40.5822 175
286.367 40.5799 172
286.355 40.5792 180
286.343 40.5798 181
286.332 40.5794 182
286.320 40.5806 182
286.308 40.5801 179
286.297 40.5804 184
286.285 40.5820 185
286.273 40.5822 184
286.262 40.5834 181
286.250 40.5824 181
286.228 40.5874 186
286.217 40.5860 171
286.206 40.5839 170
286.194 40.5819 168
286.183 40.5793 165
286.172 40.5762 163
286.161 40.5727 157
286.152 40.5676 159
286.141 40.5650 165
286.130 40.5618 160
286.120 40.5573 156
286.110 40.5529 165
286.099 40.5516 175
286.087 40.5508 168
286.077 40.5469 159
286.066 40.5426 175
286.058 40.5453 232
286.057 40.5541 258
286.053 40.5685 229
286.043 40.5710 182
286.033 40.5691 174
286.021 40.5688 177
286.010 40.5681 179
285.999 40.5685 192
285.989 40.5725 224
285.986 40.5806 295
285.995 40.5858 312
285.996 40.5921 243
285.989 40.5979 207
285.978 40.6014 198
285.968 40.6046 171
285.947 40.5965 149
285.942 40.5888 124
285.937 40.5808 124
285.931 40.5731 130
285.924 40.5657 133
285.917 40.5582 129
285.912 40.5502 125
285.906 40.5421 128
285.899 40.5347 130
285.893 40.5269 127
285.887 40.5191 141
285.878 40.5141 166
285.866 40.5135 174
285.854 40.5115 176
285.843 40.5118 190
285.833 40.5154 183
285.821 40.5130 170
285.811 40.5115 173
285.799 40.5105 164
285.790 40.5056 150
285.782 40.5006 153
285.772 40.4961 155
285.762 40.4914 176
285.751 40.4946 185
