%lon     %lat     %shoreline direction (deg true)
242.743 32.6840 251
242.741 32.6880 245
242.740 32.6910 251
242.739 32.6950 257
242.738 32.6983 273
242.739 32.7020 276
242.739 32.7060 269
242.739 32.7100 262
242.738 32.7121 255
242.738 32.7160 269
242.738 32.7210 268
242.737 32.7260 271
242.738 32.7286 287
242.739 32.7310 277
242.739 32.7360 278
242.740 32.7400 277
242.740 32.7430 273
242.740 32.7480 279
242.741 32.7520 274
242.742 32.7610 291
242.743 32.7660 271
242.743 32.7710 270
242.743 32.7760 268
242.742 32.7810 262
242.742 32.7850 260
242.741 32.7890 254
242.739 32.7930 248
242.738 32.7960 244
242.736 32.7994 236
242.734 32.8020 215
242.730 32.8036 207
242.727 32.8055 229
242.725 32.8090 230
242.722 32.8110 230
242.721 32.8142 204
242.718 32.8130 222
242.718 32.8170 258
242.716 32.8210 261
242.717 32.8240 258
242.715 32.8272 256
242.715 32.8320 264
242.714 32.8369 270
242.715 32.8400 287
242.716 32.8436 290
242.717 32.8470 306
242.720 32.8491 326
242.723 32.8510 343
242.728 32.8515 353
242.732 32.8520 345
242.736 32.8536 329
242.739 32.8560 303
242.740 32.8599 290
242.741 32.8630 287
242.742 32.8670 291
242.744 32.8700 299
242.746 32.8740 276
242.745 32.8780 252
242.743 32.8820 254
