%lon     %lat     %shoreline direction (deg true)
294.430 18.0899 220
294.426 18.0975 238
294.421 18.1046 249
294.421 18.1135 255
294.418 18.1219 267
294.417 18.1308 290
294.420 18.1360 333
294.429 18.1335 360
294.438 18.1317   7
294.447 18.1310 360
294.456 18.1314 352
294.465 18.1338 345
294.474 18.1370 337
294.482 18.1405 341
294.488 18.1447 346
294.497 18.1445 356
294.506 18.1448   2
294.513 18.1427 359
294.521 18.1438 357
294.530 18.1449 353
294.539 18.1462 348
294.548 18.1468 335
294.554 18.1512 334
294.558 18.1579 332
294.567 18.1601 341
294.576 18.1616 353
294.585 18.1618 355
294.595 18.1625 360
294.604 18.1634   2
294.613 18.1619   3
294.622 18.1606   9
294.631 18.1606  10
294.640 18.1577  15
294.649 18.1554  16
294.657 18.1524   8
294.666 18.1508  13
294.674 18.1527  10
294.680 18.1480 359
294.689 18.1459   5
294.693 18.1512   4
294.702 18.1500 351
294.703 18.1462  15
294.711 18.1496  27
294.719 18.1444  21
294.725 18.1383  54
294.733 18.1347  99
294.726 18.1294 150
294.717 18.1300 170
294.707 18.1282 183
294.700 18.1288 163
294.693 18.1311 169
294.693 18.1229 170
294.687 18.1241 154
294.678 18.1250 168
294.671 18.1201 157
294.665 18.1170 155
294.658 18.1108 169
294.649 18.1103 182
294.641 18.1144 177
294.636 18.1182 179
294.640 18.1108 195
294.636 18.1112 153
294.632 18.1167 164
294.625 18.1127 162
294.623 18.1059 164
294.616 18.1051 168
294.611 18.1108 183
294.604 18.1084 182
294.596 18.1075 161
294.587 18.1059 154
294.583 18.1009 149
294.579 18.0958 146
294.571 18.0921 155
294.562 18.0889 162
294.556 18.0891 175
294.548 18.0857 192
294.542 18.0897 176
294.536 18.0943 184
294.533 18.0873 192
294.525 18.0873 173
294.521 18.0939 190
294.513 18.0914 186
294.505 18.0919 170
294.496 18.0902 166
294.487 18.0878 161
294.479 18.0827 163
294.471 18.0798 196
294.464 18.0806 196
293.085 18.4857   6
293.094 18.4847 358
293.103 18.4864 352
293.112 18.4900 348
293.121 18.4907 351
293.130 18.4923 354
293.139 18.4922   1
293.149 18.4925   4
293.158 18.4902 359
293.167 18.4894 359
293.174 18.4926 354
293.184 18.4934 352
293.192 18.4936 358
293.202 18.4942   3
293.211 18.4937   8
293.220 18.4917  17
293.229 18.4883  22
293.237 18.4835  23
293.245 18.4800  20
293.254 18.4770  12
293.264 18.4755   6
293.273 18.4761   3
293.281 18.4765 357
293.289 18.4750 346
293.296 18.4769 348
293.300 18.4838 341
293.309 18.4824 336
293.318 18.4847 350
293.325 18.4900 347
293.334 18.4892 350
293.344 18.4902 355
293.353 18.4908 353
293.362 18.4934 355
293.371 18.4940 357
293.380 18.4944   4
293.390 18.4926  10
293.398 18.4907  10
293.407 18.4875   9
293.416 18.4874   5
293.425 18.4869 354
293.433 18.4878 357
293.438 18.4917   2
293.448 18.4890   7
293.456 18.4869   9
293.465 18.4837  12
293.474 18.4847  11
293.483 18.4816  11
293.492 18.4788  15
293.500 18.4771  14
293.510 18.4765  11
293.518 18.4728   8
293.528 18.4715   6
293.537 18.4719 352
293.546 18.4719 335
293.552 18.4775 327
293.557 18.4851 325
293.564 18.4895 334
293.574 18.4911 347
293.583 18.4924 353
293.592 18.4934 360
293.602 18.4940  11
293.611 18.4914   5
293.617 18.4855   8
293.622 18.4908   4
293.631 18.4896 352
293.640 18.4894   6
293.649 18.4901   8
293.658 18.4872  13
293.666 18.4845  18
293.674 18.4822  13
293.683 18.4790  13
293.689 18.4799 357
293.697 18.4773 348
293.703 18.4825 358
293.712 18.4852   2
293.711 18.4805 357
293.713 18.4768  11
293.719 18.4833   2
293.728 18.4822 359
293.737 18.4797  13
293.746 18.4772  21
293.754 18.4755  20
293.758 18.4706  17
293.767 18.4691  14
293.776 18.4677 356
293.785 18.4676 357
293.793 18.4729 339
293.799 18.4706 316
293.799 18.4762 337
293.799 18.4807 339
293.808 18.4794   4
293.817 18.4776  24
293.823 18.4744  49
293.823 18.4700  81
293.820 18.4651  76
293.820 18.4585  47
293.828 18.4542  18
293.837 18.4547 349
293.845 18.4571 311
293.848 18.4641 301
293.875 18.4725 310
293.884 18.4710 350
293.893 18.4703   4
293.903 18.4691   6
293.912 18.4699  10
293.921 18.4672  22
293.922 18.4655  35
293.918 18.4629  29
293.927 18.4596  22
293.936 18.4589  13
293.944 18.4565   1
293.952 18.4548 349
293.959 18.4593 287
293.965 18.4630   5
293.974 18.4608  25
293.983 18.4596  35
293.981 18.4525  24
293.988 18.4475   6
293.995 18.4511 326
294.000 18.4578 320
293.998 18.4643 333
294.006 18.4628 355
294.015 18.4610  14
294.023 18.4599  16
294.031 18.4556  15
294.040 18.4530  17
294.050 18.4517   8
294.058 18.4490   8
294.067 18.4507   5
294.074 18.4481 358
294.082 18.4488 350
294.087 18.4499 344
294.086 18.4541 348
294.096 18.4542 353
294.105 18.4538   9
294.114 18.4533  27
294.119 18.4489  20
294.118 18.4429  15
294.126 18.4461   6
294.135 18.4479   2
294.143 18.4464   7
294.151 18.4418  17
294.160 18.4419  25
294.168 18.4379  34
294.175 18.4319  36
294.175 18.4251  39
294.183 18.4253  51
294.186 18.4237  27
294.186 18.4176  14
294.195 18.4149 352
294.202 18.4204 346
294.208 18.4270 327
294.215 18.4250 349
294.216 18.4285  20
294.223 18.4243  35
294.229 18.4194  61
294.234 18.4121  60
294.230 18.4037  63
294.236 18.4010  59
294.240 18.3975  22
294.246 18.3907  41
294.253 18.3945  41
294.251 18.3880  15
294.258 18.3822   4
294.266 18.3855 344
294.267 18.3935 341
294.275 18.3949   8
294.282 18.3903  38
294.283 18.3831  47
294.288 18.3765  43
294.296 18.3718  22
294.305 18.3691  10
294.314 18.3702  15
294.323 18.3705   9
294.327 18.3638   6
294.336 18.3644 352
294.344 18.3673 330
294.346 18.3739 330
294.353 18.3790 335
294.360 18.3780 335
294.364 18.3769 342
294.364 18.3824 334
294.373 18.3854 348
294.381 18.3894  24
294.388 18.3818  68
294.385 18.3735  98
294.381 18.3656 117
294.377 18.3582 116
294.372 18.3510 102
294.370 18.3441  87
294.375 18.3373  69
294.378 18.3294  67
294.383 18.3224  85
294.379 18.3233  95
294.377 18.3211 101
294.377 18.3123 100
294.379 18.3052 104
294.375 18.2981 100
294.369 18.2906  94
294.372 18.2836  83
294.378 18.2782  79
294.378 18.2708  62
294.374 18.2643  43
294.383 18.2623  38
294.392 18.2648  14
294.395 18.2575  10
294.402 18.2572  23
294.411 18.2575  12
294.418 18.2541  28
294.422 18.2518  72
294.424 18.2443 125
294.416 18.2433 163
294.407 18.2400 186
294.400 18.2450 168
294.396 18.2481 107
294.400 18.2400  58
294.405 18.2335  71
294.411 18.2273 107
294.404 18.2240 125
294.396 18.2287 131
294.397 18.2214 112
294.400 18.2146 111
294.398 18.2095 159
294.389 18.2096 211
294.386 18.2172 227
294.383 18.2250 227
294.377 18.2313 195
294.370 18.2298 148
294.365 18.2229  89
294.370 18.2168  78
294.378 18.2124  74
294.375 18.2068 111
294.371 18.2015 148
294.363 18.1994 168
294.354 18.1980 173
294.345 18.2004 171
294.337 18.1973 168
294.329 18.1938 157
294.321 18.1909 149
294.314 18.1870 150
294.310 18.1805 161
294.303 18.1787 173
294.295 18.1817 183
294.287 18.1838 180
294.278 18.1822 160
294.269 18.1786 131
294.265 18.1709 107
294.269 18.1634 103
294.270 18.1558 125
294.263 18.1533 163
294.256 18.1580 174
294.248 18.1571 165
294.240 18.1527 143
294.235 18.1456 130
294.230 18.1381 118
294.226 18.1304 110
294.223 18.1219 111
294.223 18.1131 110
294.218 18.1057 101
294.214 18.0982 110
294.218 18.0948 120
294.214 18.0870 105
294.206 18.0857 120
294.209 18.0790 113
294.206 18.0726 104
294.204 18.0643 127
294.199 18.0570 149
294.191 18.0551 156
294.183 18.0591 171
294.179 18.0533 177
294.171 18.0524 146
294.163 18.0534 131
294.170 18.0499  90
294.169 18.0413  78
294.171 18.0328  91
294.169 18.0246 101
294.169 18.0166 130
294.163 18.0112 142
294.154 18.0131 157
294.147 18.0066 165
294.140 18.0042 154
294.131 18.0034 150
294.124 17.9983 150
294.118 17.9909 151
294.111 17.9880 152
294.102 17.9877 156
294.095 17.9827 157
294.088 17.9773 159
294.079 17.9744 161
294.070 17.9749 168
294.061 17.9710 172
294.052 17.9700 176
294.043 17.9690 178
294.034 17.9721 173
294.026 17.9700 169
294.021 17.9663 171
294.012 17.9632 194
294.007 17.9680 201
294.002 17.9757 206
293.993 17.9766 190
293.984 17.9770 164
293.976 17.9733 149
293.971 17.9666 140
293.966 17.9604 135
293.959 17.9555 153
293.953 17.9504 175
293.945 17.9532 190
293.937 17.9579 196
293.928 17.9610 186
293.919 17.9604 162
293.912 17.9569 163
293.912 17.9496 160
293.905 17.9539 156
293.896 17.9521 171
293.889 17.9468 163
293.880 17.9447 156
293.871 17.9435 145
293.864 17.9376 123
293.865 17.9306 124
293.868 17.9266 140
293.861 17.9285 168
293.854 17.9291 183
293.850 17.9275 203
293.841 17.9280 192
293.844 17.9358 194
293.840 17.9321 200
293.832 17.9321 178
293.823 17.9347 182
293.813 17.9349 170
293.805 17.9334 158
293.799 17.9267 147
293.792 17.9218 143
293.784 17.9161 155
293.776 17.9120 166
293.767 17.9117 181
293.758 17.9133 199
293.749 17.9165 217
293.749 17.9307 197
293.740 17.9329 196
293.732 17.9370 192
293.723 17.9401 199
293.714 17.9383 201
293.707 17.9441 207
293.700 17.9491 223
293.693 17.9555 225
293.688 17.9626 222
293.682 17.9696 215
293.674 17.9730 198
293.667 17.9736 169
293.659 17.9720 161
293.659 17.9650 156
293.652 17.9654 143
293.644 17.9629 152
293.638 17.9562 145
293.632 17.9509 131
293.625 17.9467 124
293.623 17.9385 108
293.620 17.9300  95
293.625 17.9276 114
293.623 17.9215 149
293.614 17.9186 197
293.611 17.9245 219
293.608 17.9327 231
293.601 17.9387 224
293.594 17.9439 216
293.586 17.9489 210
293.578 17.9543 209
293.570 17.9568 213
293.562 17.9615 216
293.556 17.9683 221
293.550 17.9750 219
293.542 17.9804 205
293.534 17.9845 194
293.525 17.9826 187
293.516 17.9833 178
293.507 17.9845 178
293.497 17.9833 172
293.488 17.9813 165
293.479 17.9782 160
293.471 17.9747 161
293.462 17.9708 161
293.453 17.9690 150
293.444 17.9662 162
293.436 17.9639 176
293.427 17.9618 170
293.418 17.9597 185
293.409 17.9586 188
293.409 17.9662 190
293.400 17.9657 188
293.392 17.9641 177
293.383 17.9620 190
293.382 17.9650 218
293.380 17.9693 233
293.380 17.9736 213
293.372 17.9773 199
293.363 17.9781 180
293.353 17.9781 163
293.345 17.9737 159
293.339 17.9674 143
293.330 17.9654 123
293.318 17.9694 218
293.309 17.9734 208
293.301 17.9762 203
293.293 17.9777 203
293.286 17.9831 202
293.278 17.9871 193
293.269 17.9893 178
293.265 17.9840 180
293.259 17.9821 161
293.255 17.9870 156
293.248 17.9822 171
293.206 17.9653 196
293.197 17.9651 165
293.190 17.9611 157
293.183 17.9555 154
293.174 17.9521 160
293.165 17.9496 173
293.156 17.9491 177
293.147 17.9512 165
293.139 17.9500 156
293.142 17.9436 145
293.134 17.9393 157
293.125 17.9361 188
293.119 17.9417 210
293.126 17.9458 220
293.119 17.9477 196
293.110 17.9489 191
293.101 17.9468 206
293.086 17.9426 126
293.078 17.9422 119
293.074 17.9370 117
293.082 17.9323 121
293.078 17.9260 155
293.068 17.9268 164
293.060 17.9304 187
293.051 17.9292 199
293.042 17.9308 211
293.038 17.9381 210
293.031 17.9424 213
293.023 17.9455 195
293.014 17.9487 195
293.005 17.9467 207
293.002 17.9503 351
293.010 17.9520   1
293.018 17.9494 360
293.026 17.9464 315
293.019 17.9503 241
293.016 17.9581 224
293.011 17.9621 225
293.006 17.9653 192
293.003 17.9661 172
293.000 17.9615 168
292.992 17.9594 174
292.988 17.9614 187
292.983 17.9640 193
292.976 17.9643 176
292.968 17.9647 179
292.961 17.9595 209
292.962 17.9636 308
292.970 17.9677 291
292.973 17.9706 235
292.965 17.9696 186
292.960 17.9662 176
292.959 17.9688 183
292.951 17.9691 194
292.944 17.9708 182
292.937 17.9720 172
292.930 17.9701 151
292.925 17.9654 140
292.927 17.9613  88
292.930 17.9653  99
292.930 17.9586 131
292.923 17.9537 138
292.915 17.9485 151
292.908 17.9456 155
292.901 17.9427 169
292.896 17.9414 169
292.888 17.9432 162
292.884 17.9407 171
292.878 17.9351 177
292.873 17.9376 193
292.865 17.9419 210
292.857 17.9470 203
292.849 17.9513 203
292.840 17.9517 195
292.832 17.9560 176
292.823 17.9560 165
292.818 17.9492 131
292.818 17.9456 104
292.818 17.9399 119
292.817 17.9312 151
292.808 17.9318 191
292.801 17.9367 204
292.797 17.9441 215
292.787 17.9444 219
292.781 17.9508 225
292.776 17.9570 245
292.775 17.9658 263
292.774 17.9738 279
292.777 17.9820 290
292.781 17.9902 298
292.786 17.9975 309
292.791 18.0053 328
292.795 18.0043 338
292.805 18.0047 338
292.813 18.0084 323
292.814 18.0148 294
292.818 18.0214 252
292.814 18.0254 227
292.806 18.0304 207
292.797 18.0328 224
292.789 18.0361 248
292.795 18.0433 271
292.798 18.0509 291
292.798 18.0596 272
292.801 18.0678 256
292.796 18.0749 256
292.790 18.0816 262
292.791 18.0886 289
292.798 18.0900 312
292.803 18.0974 319
292.810 18.1036 296
292.815 18.1103 293
292.810 18.1150 274
292.814 18.1222 254
292.812 18.1309 267
292.808 18.1380 255
292.809 18.1464 258
292.806 18.1537 275
292.806 18.1619 289
292.809 18.1589 300
292.812 18.1565 311
292.812 18.1652 289
292.816 18.1734 288
292.815 18.1762 293
292.821 18.1822 300
292.822 18.1893 298
292.828 18.1958 294
292.830 18.2044 306
292.833 18.2114 282
292.837 18.2096 270
292.833 18.2145 243
292.830 18.2215 245
292.825 18.2277 251
292.825 18.2366 245
292.822 18.2451 242
292.816 18.2519 234
292.809 18.2578 238
292.804 18.2653 248
292.803 18.2742 253
292.804 18.2832 244
292.799 18.2908 222
292.790 18.2932 202
292.781 18.2944 193
292.772 18.2959 203
292.763 18.2991 218
292.759 18.3068 231
292.754 18.3150 240
292.750 18.3226 239
292.745 18.3304 237
292.740 18.3375 236
292.736 18.3449 235
292.733 18.3473 244
292.728 18.3546 265
292.728 18.3634 289
292.733 18.3696 317
292.742 18.3726 336
292.751 18.3754 343
292.760 18.3781 342
292.769 18.3805 340
292.777 18.3842 339
292.786 18.3880 338
292.795 18.3911 332
292.803 18.3941 330
292.809 18.4008 329
292.817 18.4058 328
292.825 18.4097 330
292.834 18.4133 320
292.841 18.4190 303
292.843 18.4276 281
292.842 18.4365 264
292.840 18.4449 253
292.837 18.4535 249
292.832 18.4610 252
292.830 18.4692 261
292.829 18.4781 283
292.832 18.4865 300
292.839 18.4915 311
292.846 18.4961 321
292.851 18.5029 324
292.859 18.5081 329
292.868 18.5110 340
292.876 18.5147 348
292.886 18.5155 350
292.895 18.5160 356
292.905 18.5173 359
292.914 18.5174   2
292.923 18.5160   3
292.933 18.5150   3
292.942 18.5155   3
292.951 18.5156   5
292.961 18.5141   6
292.970 18.5115   9
292.978 18.5116  13
292.987 18.5096  15
292.996 18.5059  21
293.005 18.5024  24
293.013 18.4983  19
293.021 18.4944  16
293.031 18.4937  10
293.040 18.4922  18
293.048 18.4918  18
