%lon     %lat     %shoreline direction (deg true)
235.887 46.7977 262
235.885 46.8066 258
235.884 46.8155 259
235.882 46.8244 258
235.880 46.8332 254
235.877 46.8419 252
235.874 46.8506 251
235.872 46.8593 249
235.868 46.8679 246
235.864 46.8765 245
235.860 46.8850 243
235.856 46.8934 238
235.850 46.9012 235
235.837 46.9200 213
235.825 46.9226 207
235.818 46.9295 234
235.814 46.9380 264
235.816 46.9462 277
235.816 46.9549 277
235.818 46.9638 274
235.818 46.9726 267
235.817 46.9815 271
235.818 46.9904 271
235.818 46.9993 271
235.818 47.0082 268
235.818 47.0172 266
235.817 47.0261 266
235.816 47.0350 264
235.816 47.0439 269
235.816 47.0527 268
235.815 47.0616 259
235.813 47.0704 258
235.811 47.0793 258
235.809 47.0882 256
235.807 47.0970 257
235.805 47.1059 258
235.803 47.1148 259
235.802 47.1237 261
235.801 47.1325 255
235.798 47.1412 251
235.795 47.1499 253
235.792 47.1587 257
235.791 47.1676 255
235.788 47.1764 251
235.785 47.1851 252
235.783 47.1939 255
235.781 47.2027 254
235.778 47.2114 251
235.775 47.2201 248
235.771 47.2287 244
235.767 47.2370 247
235.764 47.2456 252
235.761 47.2543 251
235.758 47.2630 249
235.755 47.2716 245
235.750 47.2800 235
235.744 47.2877 218
235.733 47.2929 200
235.721 47.2959 205
235.712 47.3023 228
235.708 47.3107 239
235.703 47.3188 239
235.698 47.3271 238
235.693 47.3351 230
235.685 47.3421 213
235.675 47.3470 219
235.669 47.3550 241
235.665 47.3637 253
235.664 47.3725 264
235.664 47.3815 261
235.661 47.3903 247
235.657 47.3987 239
235.651 47.4069 248
235.650 47.4156 265
235.650 47.4245 267
235.649 47.4334 264
235.648 47.4424 264
235.647 47.4513 260
235.645 47.4602 260
235.644 47.4690 267
235.644 47.4780 265
235.643 47.4869 260
235.641 47.4958 260
235.640 47.5047 257
235.637 47.5135 257
235.636 47.5224 256
235.633 47.5311 254
235.631 47.5399 259
235.630 47.5488 258
235.628 47.5577 256
235.626 47.5665 253
235.622 47.5752 252
235.620 47.5840 252
235.617 47.5927 248
235.613 47.6013 250
235.611 47.6101 253
235.608 47.6189 254
235.606 47.6277 250
235.602 47.6363 247
235.598 47.6450 249
235.595 47.6536 246
235.591 47.6621 238
235.585 47.6701 234
235.579 47.6782 236
235.574 47.6864 239
235.570 47.6947 258
235.570 47.7036 273
235.571 47.7126 266
235.569 47.7215 257
235.567 47.7302 239
235.560 47.7374 220
235.551 47.7439 216
235.542 47.7506 218
235.535 47.7565 210
235.524 47.7609 215
235.518 47.7683 234
235.513 47.7766 243
235.509 47.7852 252
235.507 47.7939 254
235.504 47.8026 242
235.498 47.8105 222
235.488 47.8166 206
235.477 47.8210 203
235.467 47.8259 202
235.455 47.8299 209
235.447 47.8369 222
235.439 47.8441 228
235.434 47.8522 228
235.426 47.8592 217
235.417 47.8653 206
235.405 47.8692 186
235.393 47.8677 189
235.382 47.8729 207
235.373 47.8783 215
235.365 47.8851 233
235.361 47.8935 233
235.353 47.9002 230
235.349 47.9081 254
235.349 47.9168 260
235.346 47.9256 241
235.340 47.9333 230
235.333 47.9411 232
235.327 47.9491 235
235.322 47.9573 235
235.317 47.9650 244
235.314 47.9738 259
235.313 47.9827 261
235.311 47.9915 257
235.310 48.0004 255
235.307 48.0092 254
235.305 48.0180 258
235.303 48.0269 272
235.306 48.0356 262
235.301 48.0438 251
235.300 48.0525 258
235.297 48.0613 252
235.294 48.0700 261
235.295 48.0789 275
235.296 48.0878 278
235.297 48.0967 271
235.297 48.1056 251
235.291 48.1138 234
235.285 48.1217 229
235.278 48.1294 235
235.274 48.1378 233
235.267 48.1451 213
235.256 48.1495 200
235.246 48.1529 228
235.244 48.1615 291
235.252 48.1678 321
235.261 48.1746 326
235.271 48.1800 328
235.280 48.1867 318
235.287 48.1940 303
235.291 48.2027 296
235.296 48.2108 286
235.296 48.2196 259
235.293 48.2283 252
235.290 48.2372 267
235.292 48.2459 299
235.300 48.2528 318
235.308 48.2600 298
235.309 48.2688 272
235.309 48.2777 263
235.307 48.2866 279
235.311 48.2946 312
235.321 48.3007 318
235.327 48.3083 287
235.327 48.3172 272
235.328 48.3259 246
235.319 48.3318 203
235.307 48.3347 202
235.297 48.3407 219
235.290 48.3483 230
235.284 48.3561 225
235.276 48.3629 218
235.267 48.3695 235
235.265 48.3782 281
235.271 48.3856 328
235.283 48.3885 173
235.296 48.3885 175
235.309 48.3907 353
235.322 48.3914 179
