%lon     %lat     %shoreline direction (deg true)
282.468 34.4264 149
282.455 34.4186 148
282.442 34.4104 149
282.429 34.4029 146
282.417 34.3937 142
282.405 34.3844 141
282.393 34.3749 140
282.382 34.3654 139
282.371 34.3556 139
282.359 34.3462 143
282.346 34.3377 143
282.335 34.3282 140
282.323 34.3186 138
282.312 34.3087 137
282.301 34.2985 136
282.291 34.2885 139
282.279 34.2792 141
282.267 34.2700 137
282.257 34.2592 131
282.248 34.2482 131
282.238 34.2375 130
282.229 34.2261 125
282.221 34.2144 125
282.213 34.2029 135
282.200 34.1944 129
282.196 34.1827 94
282.198 34.1740 123
282.185 34.1718 146
282.178 34.1612 118
282.173 34.1486 116
282.166 34.1364 116
282.160 34.1237 114
282.154 34.1111 115
282.148 34.0986 115
282.143 34.0859 115
282.137 34.0734 114
282.131 34.0607 111
282.126 34.0478 115
282.120 34.0356 116
282.114 34.0229 113
282.109 34.0102 112
282.104 33.9974 109
282.099 33.9843 106
282.096 33.9712 108
282.091 33.9584 109
282.087 33.9453 110
282.081 33.9326 121
282.072 33.9216 138
282.060 33.9139 122
282.059 33.9056 108
282.057 33.9019 120
282.051 33.8912 111
282.048 33.8782 101
282.045 33.8657 81
282.050 33.8566 85
282.046 33.8440 75
282.020 33.8391 230
282.006 33.8440 195
281.991 33.8471 190
281.976 33.8494 189
281.961 33.8524 220
281.957 33.8645 245
281.950 33.8761 234
281.942 33.8849 222
281.931 33.8937 208
281.916 33.8989 197
281.901 33.9032 192
281.885 33.9057 189
281.870 33.9084 186
281.854 33.9095 184
281.838 33.9107 182
281.822 33.9107 179
281.806 33.9104 177
281.790 33.9096 174
281.774 33.9076 176
281.759 33.9076 184
281.743 33.9100 183
281.727 33.9093 176
281.711 33.9080 173
281.695 33.9058 174
281.679 33.9048 175
281.663 33.9033 174
281.647 33.9018 166
281.633 33.8959 160
281.618 33.8911 172
281.602 33.8917 174
281.586 33.8882 166
281.571 33.8843 165
281.556 33.8802 164
281.541 33.8760 160
281.527 33.8696 159
281.511 33.8650 168
281.496 33.8631 161
281.483 33.8559 147
281.471 33.8470 148
281.457 33.8401 165
281.442 33.8393 181
281.426 33.8410 177
281.411 33.8379 166
281.396 33.8335 164
281.380 33.8297 164
281.366 33.8249 164
281.350 33.8215 164
281.335 33.8163 160
281.320 33.8111 160
281.306 33.8059 157
281.292 33.7994 154
281.278 33.7927 153
281.264 33.7856 151
281.251 33.7781 150
281.237 33.7707 150
281.224 33.7632 149
281.211 33.7554 147
281.199 33.7471 146
281.186 33.7388 145
281.174 33.7302 144
281.162 33.7215 143
281.150 33.7126 140
281.139 33.7030 139
281.129 33.6938 136
281.119 33.6836 135
281.108 33.6735 140
281.096 33.6651 138
281.087 33.6551 138
281.076 33.6475 142
281.065 33.6382 136
281.056 33.6281 133
281.046 33.6180 133
281.037 33.6079 134
281.027 33.5983 134
281.018 33.5881 132
281.008 33.5778 133
280.998 33.5676 127
280.991 33.5563 116
280.987 33.5440 107
280.983 33.5312 115
280.975 33.5201 132
280.965 33.5104 144
280.952 33.5031 152
280.938 33.4964 148
280.926 33.4879 141
280.916 33.4786 131
280.908 33.4670 121
280.901 33.4549 116
280.895 33.4424 124
280.886 33.4322 127
280.878 33.4207 114
280.875 33.4101 119
280.868 33.4020 123
280.862 33.3894 116
280.856 33.3773 109
280.854 33.3645 79
280.861 33.3528 74
280.861 33.3406 102
280.855 33.3290 104
280.855 33.3163 79
280.857 33.3099 89
280.853 33.2984 118
280.845 33.2871 129
280.836 33.2780 126
280.830 33.2666 117
280.824 33.2548 106
280.822 33.2421 79
280.829 33.2304 62
280.834 33.2196 58
280.842 33.2089 54
280.848 33.1998 18
280.861 33.2048 8
280.872 33.1961 96
280.861 33.1908 147
280.850 33.1818 127
280.845 33.1707 120
280.837 33.1594 126
280.829 33.1489 142
280.815 33.1432 152
280.803 33.1350 144
280.791 33.1258 142
280.779 33.1168 141
280.768 33.1072 137
280.758 33.0973 138
