%lon     %lat     %shoreline direction (deg true)
284.252 36.2285  79
284.255 36.2108  80
284.258 36.1930  77
284.261 36.1753  75
284.268 36.1581  71
284.274 36.1410  66
284.282 36.1243  62
284.291 36.1086  62
284.302 36.0930  60
284.309 36.0760  60
284.320 36.0598  60
284.332 36.0440  58
284.340 36.0283  59
284.353 36.0134  58
284.360 35.9976  58
284.371 35.9827  58
284.381 35.9669  58
284.388 35.9505  60
284.396 35.9344  61
284.409 35.9179  62
284.417 35.9018  62
284.424 35.8852  62
284.435 35.8692  65
284.439 35.8534  65
284.445 35.8367  66
284.452 35.8200  61
284.461 35.8033  59
284.488 35.7634  59
284.499 35.7477  60
284.506 35.7310  64
284.513 35.7145  68
284.520 35.6975  63
284.526 35.6803  64
284.539 35.6665  64
284.545 35.6495  64
284.552 35.6327  75
284.558 35.6153  79
284.558 35.5975  83
284.559 35.5797  89
284.561 35.5619  96
284.559 35.5443 109
284.551 35.5274 118
284.537 35.5150 119
284.528 35.4997 115
284.524 35.4821 104
284.522 35.4643  97
284.520 35.4465  95
284.519 35.4290  95
284.518 35.4112  97
284.516 35.3937 101
284.511 35.3765 103
284.505 35.3595 105
284.502 35.3418 105
284.497 35.3244 102
284.493 35.3074 102
284.490 35.2901 101
284.487 35.2735 103
284.484 35.2562  99
284.477 35.2392 103
284.479 35.2220 128
284.473 35.2108 169
284.460 35.2253 190
284.442 35.2324 194
284.420 35.2326 179
284.399 35.2294 171
284.378 35.2236 167
284.357 35.2191 165
284.336 35.2139 164
284.316 35.2077 160
284.297 35.2005 157
284.279 35.1901 159
284.260 35.1821 162
284.219 35.1747 166
284.200 35.1675 164
284.179 35.1624 162
284.160 35.1554 160
284.140 35.1483 158
284.121 35.1392 156
284.102 35.1306 154
284.083 35.1210 154
284.065 35.1125 152
284.047 35.1027 149
284.030 35.0931 148
284.015 35.0805 150
283.965 35.0500 147
283.945 35.0434 146
283.934 35.0317 153
283.925 35.0201 146
283.906 35.0205 148
283.891 35.0075 152
283.875 34.9954 143
283.858 34.9847 144
283.842 34.9730 144
283.826 34.9602 142
283.811 34.9482 140
283.796 34.9357 140
283.782 34.9232 140
283.767 34.9100 141
283.752 34.8985 142
283.736 34.8878 144
283.720 34.8750 141
283.703 34.8632 140
283.691 34.8498 142
283.676 34.8375 139
283.659 34.8266 140
283.645 34.8130 137
283.631 34.7996 134
283.619 34.7852 133
283.605 34.7712 132
283.593 34.7566 132
283.580 34.7422 132
283.567 34.7279 133
283.553 34.7130 132
283.540 34.6996 132
283.528 34.6841 130
283.516 34.6704 127
283.505 34.6552 125
283.495 34.6392 122
283.485 34.6233 118
283.476 34.6074 119
283.471 34.5905 134
283.460 34.5759 183
283.456 34.5935 250
283.446 34.6091 252
283.452 34.6418 239
283.435 34.6519 228
283.416 34.6597 200
283.395 34.6648 195
283.374 34.6701 196
283.353 34.6739 194
283.314 34.6886 193
283.293 34.6907 191
283.272 34.6930 183
283.251 34.6931 181
283.229 34.6930 178
283.208 34.6926 177
283.187 34.6904 176
283.165 34.6884 174
283.144 34.6872 174
283.122 34.6839 174
283.101 34.6807 172
283.080 34.6789 172
283.058 34.6756 172
283.037 34.6722 170
283.016 34.6695 169
282.995 34.6645 169
282.974 34.6590 167
282.953 34.6562 164
282.933 34.6500 163
282.915 34.6416 161
282.878 34.6304 161
282.859 34.6224 160
282.839 34.6147 163
282.821 34.6073 161
282.801 34.6062 161
282.783 34.5967 158
282.766 34.5898 151
282.748 34.5785 150
282.731 34.5673 147
282.715 34.5568 146
282.699 34.5459 146
282.682 34.5343 150
282.646 34.5174 157
282.627 34.5094 160
282.607 34.5027 156
282.588 34.4936 156
282.570 34.4832 152
282.551 34.4748 152
282.534 34.4646 153
282.516 34.4557 151
282.498 34.4460 149
282.481 34.4356 148
