%lon     %lat     %shoreline direction (deg true)
278.144 26.3325 241
278.135 26.3483 248
278.127 26.3640 219
278.111 26.3742 219
278.096 26.3861 213
278.081 26.3974 235
278.072 26.4129 221
278.054 26.4184 187
278.036 26.4158 150
278.019 26.4135 200
278.000 26.4199 195
277.981 26.4255 194
277.962 26.4263 165
277.944 26.4177 155
277.925 26.4122 173
277.906 26.4117 186
277.887 26.4177 204
277.869 26.4263 210
277.854 26.4376 216
277.838 26.4481 210
277.822 26.4594 226
277.811 26.4744 236
277.803 26.4903 258
277.798 26.5073 251
277.794 26.5250 261
277.788 26.5413 234
277.783 26.5573 263
277.774 26.5726 225
277.762 26.5871 248
277.762 26.6046 282
277.764 26.6222 255
277.750 26.6294 200
277.741 26.6438 246
277.728 26.6566 218
277.714 26.6689 221
277.722 26.7254 307
277.728 26.7422 278
277.728 26.7600 265
277.725 26.7776 254
277.716 26.7931 226
277.707 26.8082 264
277.704 26.8254 239
277.693 26.8399 236
277.682 26.8551 232
277.670 26.8696 230
277.658 26.8839 234
277.648 26.8992 238
277.638 26.9151 238
277.629 26.9308 237
277.619 26.9464 239
277.609 26.9621 236
277.599 26.9775 240
277.591 26.9937 243
277.582 27.0099 240
277.573 27.0255 239
277.562 27.0404 233
277.551 27.0555 237
277.544 27.0723 253
277.538 27.0894 251
277.533 27.1064 244
277.526 27.1224 256
277.520 27.1395 247
277.511 27.1554 235
277.501 27.1706 241
277.493 27.1871 251
277.485 27.2028 238
277.477 27.2196 243
277.468 27.2351 235
277.458 27.2510 232
277.442 27.2612 201
277.424 27.2686 219
277.419 27.3023 251
277.399 27.3318 243
277.386 27.3452 223
277.373 27.3587 228
277.362 27.3735 237
277.351 27.3888 235
277.341 27.4041 231
277.327 27.4168 214
277.309 27.4262 215
277.298 27.4570 266
277.293 27.4739 246
277.285 27.4904 243
277.274 27.5052 219
277.256 27.5101 197
277.240 27.5205 215
277.226 27.6373 332
277.230 27.6511 257
277.232 27.6682 290
277.241 27.6844 300
277.248 27.7012 287
277.245 27.7176 237
277.235 27.7329 208
277.220 27.7377 232
277.210 27.7534 244
277.201 27.7676 232
277.201 27.7826 256
277.185 27.7930 198
277.168 27.8018 232
277.160 27.8179 234
277.145 27.8289 230
277.139 27.8449 243
277.137 27.8612 279
277.137 27.8786 279
277.144 27.8952 291
277.148 27.9122 279
277.152 27.9297 283
277.156 27.9472 283
277.155 27.9648 264
277.158 27.9823 274
277.154 27.9999 258
277.152 28.0177 278
277.157 28.0349 269
277.149 28.0508 234
277.138 28.0664 243
277.132 28.0834 252
277.127 28.1009 258
277.124 28.1187 261
277.120 28.1364 257
277.117 28.1542 264
277.116 28.1722 264
277.114 28.1901 266
277.112 28.2080 260
277.110 28.2258 251
276.873 29.0957 243
276.861 29.1102 218
276.852 29.1226 258
276.847 29.1392 246
276.838 29.1550 244
276.829 29.1707 230
276.812 29.1766 171
276.793 29.1724 186
276.775 29.1808 217
276.763 29.1949 236
276.752 29.2105 231
276.738 29.2228 234
