%lon     %lat     %shoreline direction (deg true)
268.542 29.2430 188
268.532 29.2437 175
268.522 29.2416 162
268.513 29.2377 157
268.504 29.2339 163
268.494 29.2321 174
268.483 29.2321 182
268.473 29.2331 195
268.464 29.2374 221
268.459 29.2451 250
268.459 29.2540 272
268.460 29.2629 279
268.461 29.2718 263
268.458 29.2797 226
268.449 29.2837 198
268.439 29.2859 198
268.430 29.2900 208
268.422 29.2952 207
268.413 29.2991 198
268.403 29.3016 195
268.393 29.3045 197
268.384 29.3076 193
268.374 29.3092 189
268.364 29.3108 197
268.355 29.3150 208
268.346 29.3204 205
268.337 29.3235 192
268.327 29.3246 193
268.318 29.3282 205
268.309 29.3331 208
268.300 29.3377 206
268.291 29.3420 204
268.282 29.3461 202
268.273 29.3497 198
268.263 29.3525 194
268.253 29.3546 189
268.243 29.3560 186
268.232 29.3569 184
268.222 29.3575 183
268.212 29.3580 181
268.202 29.3581 179
268.191 29.3577 179
268.181 29.3579 182
268.171 29.3586 180
268.161 29.3580 171
268.151 29.3558 165
268.141 29.3530 164
268.131 29.3505 168
268.121 29.3489 174
268.111 29.3487 181
268.100 29.3496 187
268.090 29.3513 195
268.081 29.3551 188
268.072 29.3543 152
268.066 29.3472 139
268.058 29.3421 153
268.049 29.3385 169
268.039 29.3385 191
268.030 29.3425 207
268.021 29.3476 207
268.012 29.3517 201
268.002 29.3551 194
267.992 29.3568 183
267.982 29.3564 165
267.973 29.3519 153
267.964 29.3476 160
267.955 29.3451 163
267.945 29.3418 157
267.936 29.3376 157
267.926 29.3342 163
267.917 29.3317 170
267.906 29.3307 174
267.896 29.3296 167
267.887 29.3262 156
267.878 29.3215 156
267.868 29.3181 164
267.858 29.3162 175
267.848 29.3165 187
267.838 29.3190 199
267.829 29.3232 225
267.825 29.3315 255
267.825 29.3404 271
267.826 29.3494 284
267.829 29.3579 284
267.831 29.3669 269
267.829 29.3758 260
267.828 29.3847 266
267.828 29.3937 275
267.829 29.4027 272
267.829 29.4117 262
267.827 29.4205 252
267.823 29.4290 241
267.818 29.4368 231
267.812 29.4437 219
267.803 29.4491 213
267.795 29.4545 216
267.788 29.4608 216
267.779 29.4661 209
267.771 29.4705 205
267.761 29.4746 198
267.751 29.4770 192
267.741 29.4790 191
267.731 29.4809 196
267.722 29.4846 197
267.712 29.4869 189
267.702 29.4880 186
267.692 29.4892 191
267.682 29.4920 196
267.672 29.4951 199
267.663 29.4989 202
267.653 29.5028 201
267.644 29.5062 199
267.634 29.5095 199
267.625 29.5130 200
267.615 29.5166 201
267.606 29.5206 198
267.596 29.5232 192
267.586 29.5251 191
267.576 29.5271 193
267.566 29.5299 193
267.556 29.5320 193
267.546 29.5345 193
267.536 29.5368 189
267.526 29.5380 189
267.516 29.5401 188
267.506 29.5412 185
267.496 29.5422 188
267.486 29.5443 184
267.475 29.5438 177
267.465 29.5433 182
267.455 29.5446 189
267.445 29.5466 188
267.435 29.5477 185
267.424 29.5486 187
267.414 29.5504 189
267.404 29.5521 189
267.394 29.5539 190
267.384 29.5557 191
267.374 29.5581 193
267.364 29.5605 191
267.354 29.5622 190
267.344 29.5642 192
267.334 29.5668 195
267.324 29.5697 196
267.314 29.5727 195
267.305 29.5752 195
267.295 29.5783 198
267.285 29.5818 200
267.276 29.5853 202
267.267 29.5894 204
267.258 29.5937 200
267.248 29.5964 198
267.238 29.6002 200
267.229 29.6034 195
267.219 29.6057 195
267.209 29.6089 199
267.200 29.6123 200
267.190 29.6160 201
267.181 29.6196 201
267.171 29.6234 203
267.162 29.6278 205
267.153 29.6320 206
267.144 29.6368 207
267.135 29.6413 200
267.126 29.6439 197
267.116 29.6473 201
267.107 29.6514 205
267.098 29.6561 205
267.089 29.6600 203
267.080 29.6641 204
267.070 29.6685 204
267.061 29.6724 204
267.052 29.6768 204
267.043 29.6808 203
267.034 29.6849 200
267.024 29.6878 197
267.014 29.6912 199
267.005 29.6945 199
266.995 29.6978 196
266.985 29.7002 197
266.976 29.7039 199
266.966 29.7069 195
266.956 29.7095 197
266.947 29.7130 199
266.937 29.7164 197
266.927 29.7191 196
266.918 29.7222 196
266.908 29.7251 196
266.898 29.7279 194
266.888 29.7302 193
266.878 29.7326 194
266.868 29.7353 191
266.858 29.7368 191
266.848 29.7392 194
266.838 29.7419 194
266.828 29.7442 192
266.818 29.7464 189
266.808 29.7477 184
266.798 29.7481 187
266.788 29.7504 189
266.777 29.7515 182
266.767 29.7511 181
266.757 29.7519 181
266.746 29.7518 184
266.736 29.7534 180
266.726 29.7520 171
266.716 29.7505 170
266.706 29.7486 168
266.696 29.7464 169
266.685 29.7450 175
266.675 29.7449 191
266.666 29.7490 216
266.660 29.7560 202
266.652 29.7556 140
266.650 29.7469 99
266.649 29.7380 101
266.646 29.7293 118
266.640 29.7222 143
266.631 29.7185 171
266.621 29.7192 194
266.612 29.7235 198
266.603 29.7256 188
266.593 29.7266 189
266.583 29.7290 199
266.574 29.7332 195
266.564 29.7342 182
266.553 29.7342 181
266.543 29.7347 189
266.533 29.7373 198
266.524 29.7411 191
266.513 29.7414 174
266.504 29.7391 168
266.493 29.7374 181
266.483 29.7395 190
266.473 29.7412 183
266.463 29.7407 175
266.453 29.7396 173
266.443 29.7383 171
266.432 29.7366 171
266.422 29.7354 173
266.412 29.7341 173
266.402 29.7331 174
266.391 29.7320 172
266.381 29.7306 174
266.371 29.7301 172
266.361 29.7279 167
266.351 29.7255 167
266.341 29.7236 169
266.331 29.7218 170
266.321 29.7202 168
266.311 29.7179 170
266.300 29.7168 176
266.290 29.7165 176
266.280 29.7157 172
266.270 29.7138 167
266.260 29.7112 164
266.250 29.7082 153
266.242 29.7025 146
266.234 29.6973 148
266.225 29.6923 151
266.216 29.6878 160
266.206 29.6855 159
266.197 29.6808 145
266.190 29.6745 142
266.182 29.6690 177
266.173 29.6737 192
266.165 29.6732 137
266.164 29.6644 90
266.165 29.6555 88
266.164 29.6466 113
266.158 29.6400 136
266.151 29.6340 134
266.145 29.6265 126
266.140 29.6190 141
266.131 29.6151 160
266.121 29.6125 166
266.111 29.6105 170
266.101 29.6091 169
266.091 29.6067 170
266.081 29.6055 176
266.070 29.6054 180
266.060 29.6057 186
266.050 29.6076 195
266.041 29.6112 204
266.032 29.6159 210
266.024 29.6213 211
266.015 29.6263 211
266.007 29.6315 215
265.999 29.6376 217
265.991 29.6433 210
265.982 29.6475 200
265.972 29.6504 192
265.962 29.6520 185
265.952 29.6522 177
265.942 29.6513 172
265.931 29.6496 169
265.921 29.6474 167
265.912 29.6450 166
265.902 29.6427 166
265.892 29.6401 163
265.882 29.6369 160
265.873 29.6333 161
265.863 29.6303 162
265.853 29.6270 159
265.844 29.6231 157
265.835 29.6192 158
265.825 29.6157 160
265.816 29.6123 159
265.806 29.6087 158
265.797 29.6048 158
265.787 29.6012 158
265.778 29.5975 159
265.768 29.5941 160
265.759 29.5906 161
265.749 29.5875 162
265.739 29.5846 162
265.730 29.5813 160
265.720 29.5778 158
265.711 29.5740 158
265.702 29.5703 159
265.692 29.5667 159
265.683 29.5631 159
265.673 29.5595 159
265.664 29.5560 159
