%lon     %lat     %shoreline direction (deg true)
277.286 27.4897 243.
277.280 27.4996 235.
277.272 27.5091 204.
277.260 27.5081 189.
277.250 27.5126 208.
277.240 27.5189 212.
277.230 27.5253 231.
277.225 27.5377 253.
277.225 27.5432 275.
277.231 27.6660 291.
277.234 27.6758 295.
277.241 27.6871 293.
277.244 27.6987 287.
277.247 27.7083 294.
277.250 27.7133 248.
277.241 27.7229 236.
277.237 27.7326 207.
277.225 27.7313 208.
277.219 27.7423 237.
277.212 27.7512 227.
277.204 27.7585 244.
277.205 27.7645 238.
277.195 27.7715 255.
277.202 27.7780 258.
277.192 27.7869 215.
277.182 27.7913 203.
277.169 27.7967 220.
277.163 27.8071 243.
277.159 27.8168 232.
277.150 27.8238 204.
277.140 27.8254 222.
277.140 27.8330 260.
277.137 27.8460 249.
277.131 27.8565 256.
277.131 27.8686 270.
277.131 27.8709 280.
277.133 27.8816 281.
277.142 27.8913 334.
277.145 27.9043 283.
277.148 27.9172 282.
277.150 27.9275 276.
277.150 27.9366 293.
277.157 27.9431 300.
277.157 27.9479 264.
277.155 27.9593 263.
277.153 27.9732 270.
277.155 27.9852 274.
277.155 27.9949 257.
277.150 28.0074 269.
277.154 28.0144 292.
277.157 28.0237 287.
277.160 28.0320 268.
277.156 28.0435 239.
